# kmer, imeter, prox, dist
AAAAA -0.7929718710776059 0.003764354742819106 0.006522271339421402
AAAAC -0.39239934393974557 0.0018968323945797888 0.002489733889481683
AAAAG -0.5668393133090607 0.0016487706287568594 0.0024422823918410297
AAAAT -0.5429166085670553 0.0031566812545880825 0.0045990159483223795
AAACA -0.3650052807877516 0.0018125525910000443 0.0023343617290653863
AAACC -0.15159517984273904 0.0010373394422770578 0.0011522735356278861
AAACG -0.42197070778139145 0.00046074748670378736 0.0006172893940863676
AAACT -0.07702507284810715 0.0021855309828930788 0.0023053869207715363
AAAGA -0.450265851107172 0.0016507568406883566 0.002255415874583592
AAAGC -0.15399785532099441 0.0008152057943706996 0.0009070374770248667
AAAGG -0.54380463305944 0.0006242073605256483 0.0009099769503300399
AAAGT -0.2981615846891469 0.0017765860506188795 0.0021844485905015538
AAATA -0.7355530807220984 0.0021997028734313286 0.003662583738245781
AAATC -0.12279352234253726 0.0018249529952210132 0.001987083954297069
AAATG -0.2055991732745618 0.001981702693598627 0.002285230532393206
AAATT -0.2171841408733316 0.003548072367900131 0.004124500971915852
AACAA -0.37660804968149375 0.0017271991593492202 0.0022423982070892538
AACAC -0.2227197595708172 0.0007585719136212535 0.0008852013896150088
AACAG -0.17876480764414607 0.0005995139148908188 0.0006785984087371225
AACAT -0.1260381826366842 0.001787376012733229 0.0019505505003613454
AACCA -0.22754975342171566 0.0009604676723877622 0.001124558501607682
AACCC -0.07196093758781258 0.000440241190546168 0.00046275708318583474
AACCG -0.15412255037390338 0.00028982589778792355 0.00032250221405328596
AACCT 0.008121661579608285 0.0008965331207549753 0.000891500260983237
AACGA -0.3481794968453926 0.0004044356943756651 0.0005148277531631882
AACGC -0.2571431682969887 0.00016233256434722743 0.00019400523814142983
AACGG -0.49140866077822687 0.00017623604786770754 0.0002477556071503108
AACGT -0.30416315931485927 0.0004570971512621169 0.0005643788745932504
AACTA -0.25741164217613705 0.001389757856608919 0.0016612223421807282
AACTC 0.09626335172153812 0.0010692798773916743 0.0010002607732746446
AACTG 0.1472874374864931 0.0010263884359520464 0.0009267739406453152
AACTT 0.11781947189215607 0.0024295666434494597 0.0022390388090261985
AAGAA -0.378200307030489 0.0018031583453780983 0.0023436000737387876
AAGAC -0.3434580109657596 0.0005785244861012136 0.000734028476777531
AAGAG -0.35867497676930066 0.0008134879894569723 0.0010430930985785966
AAGAT -0.17633606426610526 0.0016358334105003509 0.0018485087841960477
AAGCA -0.22604192735102066 0.0007205654799050376 0.0008427889890689386
AAGCC -0.2975679939106719 0.00032423567746602303 0.0003985085952299067
AAGCG -0.4519871417129064 0.00014397352433176717 0.000196944711446603
AAGCT 0.097799017418034 0.001214219666987413 0.001134636695796847
AAGGA -0.3271050508073097 0.0006165846012209835 0.000773501404018428
AAGGC -0.3424156881819293 0.0002652934963637559 0.00033635973106338805
AAGGG -0.5823990646599607 0.0002700711412800599 0.0004043875418402531
AAGGT -0.4625047348022881 0.0005793297071545233 0.000798276964733459
AAGTA -0.34574445243228447 0.0011363816318341459 0.0014441212423557948
AAGTC -0.16260992260281634 0.0007311943978087251 0.0008184333531117894
AAGTG -0.21828723247996484 0.0008478977691350718 0.0009864032562645424
AAGTT -0.0790913711689496 0.0023092129366814426 0.002439342918535857
AATAA -0.6893378929481397 0.0019739188900833003 0.003183029664744671
AATAC -0.31578100051758307 0.0009004518632144156 0.001120779178786745
AATAG -0.4001115173051232 0.0009712039530985577 0.001281610361055506
AATAT -0.4454727956099259 0.002615894795185315 0.003562221721112011
AATCA -0.13979541604642906 0.00175135579094851 0.001929554262467251
AATCC -0.025068542927303202 0.0008142395291067281 0.0008285115473009546
AATCG 0.11109768095619718 0.0005528647752024125 0.0005118882798580151
AATCT 0.2298880102225897 0.0026573368387289853 0.0022659139935306393
AATGA -0.13163004229253963 0.001766279221136516 0.0019350132843197155
AATGC 0.00741083845262336 0.0008492398042239212 0.0008448886128583481
AATGG -0.22581066584526277 0.0009576762394029554 0.0011199393292709813
AATGT -0.04546246783518318 0.002215968338708184 0.002286910231424733
AATTA -0.47007698927784325 0.00235763356268713 0.003265754842047402
AATTC 0.13822987911547008 0.0017829741376418028 0.0016200697159083036
AATTG 0.043271009142663484 0.0021951399541292405 0.002130278296734791
AATTT -0.037897952564333225 0.004670389472003135 0.004794700885495337
ACAAA -0.4588809655128558 0.0017081422610875584 0.0023477993213176064
ACAAC -0.2339050607092312 0.0006777277198689637 0.0007970171904598134
ACAAG -0.2079915166901956 0.0007663557171365803 0.0008852013896150088
ACAAT -0.26826215260189906 0.0013807393808118508 0.0016629020412122556
ACACA -0.14556186989845313 0.0009095777018185917 0.001006139719884991
ACACC -0.3893022667668269 0.00029143633989454286 0.00038171160491463137
ACACG -0.6864855941188864 0.0001909984338450513 0.00030738492276953815
ACACT 0.05805223993894861 0.000863841145990603 0.0008297713215746003
ACAGA -0.2508170897720547 0.0006324206152694068 0.0007525051661243338
ACAGC -0.11763729163590583 0.0002322257517745059 0.00025195485472912963
ACAGG -0.3870972374150329 0.00015734019381670754 0.00020576313136212254
ACAGT -0.07590276566930536 0.0006302733591272478 0.0006643209669691385
ACATA -0.252981351467804 0.001417994274878311 0.0016897772257166961
ACATC -0.04100890019446087 0.000764476868012191 0.0007865190715127664
ACATG -0.21191979468901068 0.0011210287504177085 0.0012984073513707813
ACATT 0.001721772423755065 0.002070599097884013 0.0020681294325682726
ACCAA -0.36346366599008084 0.0009455979236033105 0.0012165220235838142
ACCAC -0.39090690220967594 0.0003564445195984094 0.00046737625552253546
ACCAG -0.029913421517982822 0.0002944961798971196 0.00030066612664342806
ACCAT -0.07195728721829496 0.0009048537383058418 0.0009511295766024643
ACCCA -0.3631682308459958 0.00032777865010058554 0.0004216044569134103
ACCCC -0.3346686774700152 0.00013286147379609387 0.00016754997839487122
ACCCG -0.3826740503808476 9.4693995869216e-05 0.00012345787881727353
ACCCT 0.21976772802224265 0.00046359260109214815 0.0003980886704720248
ACCGA -0.3694562492408656 0.000217785454218486 0.00028134958778086144
ACCGC -0.07468080328023131 8.572920147570178e-05 9.028382294460478e-05
ACCGG -0.278188282505322 0.00012985531519707114 0.00015747178420570603
ACCGT -0.0940263080681357 0.00024038532511471046 0.00025657402706583034
ACCTA -0.13423896699328228 0.0005341299653620744 0.0005862149620031083
ACCTC 0.06578645043544658 0.0004360003596654038 0.00041656535981882765
ACCTG 0.16733684194372936 0.0004159235147362163 0.00037037363645182057
ACCTT 0.08374339292411304 0.001086296882318285 0.0010250363339896758
ACGAA -0.4889511207650182 0.0003988528284060515 0.0005597597022565496
ACGAC -0.7812960500138169 0.00014708704573789785 0.0002527947042448934
ACGAG -0.33477936027653593 0.00021043110193159112 0.00026539244698134986
ACGAT -0.07234972705467853 0.0003921963343653583 0.00041236611224000885
ACGCA -0.15632361547571633 0.0001763434106748155 0.00019652478668872111
ACGCC -0.4166713829987641 7.204044356943756e-05 9.616276955495114e-05
ACGCG -0.7275854632690492 4.412611372136936e-05 7.30669078714476e-05
ACGCT -0.07616100788017278 0.00019239415033745473 0.00020282365805694935
ACGGA -0.4327478188014134 0.00015959481276597458 0.00021542140079340582
ACGGC -0.5978799311240263 7.40803369044887e-05 0.00011211991035446269
ACGGG -0.8575830056370898 6.651125900337791e-05 0.00012051840551210034
ACGGT -0.39420644624847273 0.00020066108648476722 0.00026371274794982234
ACGTA -0.6600399817591379 0.00032262523535940373 0.0005097886560686056
ACGTC -0.5460164014331917 0.00017688022471035528 0.00025825372609735787
ACGTG -0.719964148626792 0.00022766283247241783 0.0003749928087885213
ACGTT -0.18314697278914258 0.0005914080229541682 0.0006714596878531305
ACTAA -0.20553153750425912 0.0014118745948731575 0.0016280482863080593
ACTAC -0.1495613536347264 0.0005655872678447051 0.0006273675882755328
ACTAG -0.1682221052461115 0.000719760258851728 0.0008087750836805062
ACTAT -0.16401949542848715 0.001282931863536504 0.0014374024462296847
ACTCA 0.11484517676109933 0.0009312649888543985 0.0008600059041420958
ACTCC 0.10193877193396686 0.0003614368901289293 0.00033677965582126995
ACTCG 0.08506087198765917 0.00029932750621697757 0.0002821894372966252
ACTCT 0.33563315010657585 0.001534107150765564 0.0012156821740680504
ACTGA 0.16697304097102228 0.001096120579168663 0.0009763250620753773
ACTGC 0.15058130188000926 0.0004148498866651367 0.0003737330345148756
ACTGG 0.07256053787732182 0.00043761080177202313 0.0004161454350609458
ACTGT 0.1611281012499655 0.0011203308921715067 0.0010019404723061722
ACTTA 0.12160521462591761 0.0015464538735829787 0.001421445305430173
ACTTC 0.24734731345437116 0.001143467577103271 0.000963307394581039
ACTTG 0.11102882182250141 0.0015841382188778708 0.0014667971792814163
ACTTT 0.1261625729439315 0.002927622705623261 0.0026824793533494666
AGAAA -0.40021308815109363 0.0019705906430629535 0.0026005940255624995
AGAAC -0.10373541395473006 0.0007471914560678104 0.0008028961370701598
AGAAG -0.29127660394794774 0.0008771004526684355 0.0010733276811460922
AGAAT -0.0715684684513132 0.001522082516369473 0.0015994934027720913
AGACA -0.3545267212223026 0.0006167993268351994 0.0007886186953021758
AGACC -0.21129816665459372 0.0002803779707624236 0.00032460183784269533
AGACG -0.5227982742899182 0.00016104421066193196 0.00023137854159291737
AGACT -0.07488397187853407 0.0007658725845045945 0.0008066754598910967
AGAGA -0.4034135624282238 0.0010454990156172623 0.00138281222770504
AGAGC -0.2044974042704912 0.0003553172101237759 0.00040942663893483566
AGAGG -0.5825041412520083 0.0003306237644889463 0.0004950912895427397
AGAGT -0.11093282333744496 0.0008939564133843843 0.0009654070183704483
AGATA -0.25532692337854457 0.001221842426292078 0.0014583986841237788
AGATC 0.12084095224781496 0.000878066717932407 0.0008075153094068605
AGATG -0.15262330216997008 0.0009531133201008674 0.00105947016413599
AGATT 0.06299550553886693 0.0022766820061277324 0.0021794094934069713
AGCAA -0.232298696525854 0.0006974287949732733 0.0008192732026275532
AGCAC -0.11298675992547819 0.00023802334335833544 0.0002574138765815941
AGCAG -0.19974916237314894 0.0003096880171028952 0.00035567626992595466
AGCAT -0.13945071888431265 0.0007601823557278728 0.0008373299672164742
AGCCA -0.33609426557108163 0.0003413063637961878 0.00043084280158681165
AGCCC -0.29064491188850206 0.00011466347799129556 0.00014025486913254884
AGCCG -0.5881517776994772 7.960952147054837e-05 0.00011967855599633658
AGCCT -0.046624847248832466 0.00039681293507100036 0.00040984656369271756
AGCGA -0.29408012711185916 0.0001541193096034689 0.00018896614104684724
AGCGC -0.3697349946733495 4.809853758436368e-05 6.214886416651865e-05
AGCGG -0.29789363018382814 6.490081689675858e-05 7.978570399755771e-05
AGCGT -0.07617367204250587 0.0001772559945352331 0.0001868665172574378
AGCTA -0.01127356923243589 0.0008495618926452451 0.0008562265813211588
AGCTC 0.2411525684346239 0.0006119680005153415 0.0005177672264683613
AGCTG 0.11082988069548153 0.0006307564917592335 0.0005841153382136989
AGCTT 0.21466005013669176 0.0015968607115201634 0.0013760934315789296
AGGAA -0.303816227821907 0.0007245915851715859 0.0008944397342884102
AGGAC -0.5046549920886891 0.00021842963106113373 0.00030990447131682943
AGGAG -0.3721118431705999 0.0003238062262375912 0.00041908490836611894
AGGAT -0.040151290819548976 0.0006779424454831796 0.0006970750980839253
AGGCA -0.3788010412336412 0.00026030112583323603 0.0003384593548527975
AGGCC -0.4366302499417673 0.00012255464431373022 0.00016587027936334367
AGGCG -0.4438007089424333 7.069840848058813e-05 9.616276955495114e-05
AGGCT -0.11956459994036886 0.0004128099933300856 0.00044847964141785074
AGGGA -0.49613875774774774 0.0002932615076153781 0.00041362588651365446
AGGGC -0.3349478678166744 0.0001105300099176393 0.00013941501961678508
AGGGG -0.4415166244442111 0.0001212126092248808 0.00016461050508969802
AGGGT -0.012040644879899021 0.0004705711835541652 0.00047451497640652745
AGGTA -0.7659530265976651 0.00031188895464860823 0.0005303649692048179
AGGTC -0.21201727360410927 0.000291114251473219 0.0003371995805791518
AGGTG -0.35994190642051943 0.0003056082304327929 0.00039220972386167847
AGGTT -0.1553430700846068 0.0009739417046798106 0.001084665649608903
AGTAA -0.25464833557103195 0.0011467421427200635 0.001368114861179174
AGTAC -0.3314026871512611 0.0004458777379193356 0.0005610194765301954
AGTAG -0.13089609989017706 0.0007401591922022394 0.0008104547827120337
AGTAT -0.14284571404408483 0.0012467505975411234 0.0013765133563368116
AGTCA -0.2658407890215324 0.0007142310742856683 0.0008587461298684502
AGTCC -0.16330826310738042 0.0003067355399074264 0.00034349845194738004
AGTCG -0.3234056839999196 0.00020672708508636666 0.0002586736508552398
AGTCT 0.13710260960461412 0.0011161437426942965 0.0010149581398005106
AGTGA -0.13374912514024784 0.0009515028779942481 0.0010439329480943604
AGTGC -0.00011417461917813251 0.0003065208142932105 0.0003065450732537744
AGTGG -0.34192249778659206 0.0004645051849525658 0.0005887345105503995
AGTGT -0.05356343350981517 0.0011187741314684413 0.0011610919555434056
AGTTA -0.12936109008194568 0.0015037771577575668 0.0016448452766233347
AGTTC 0.1378289316413383 0.0010432443966679954 0.0009481901032972912
AGTTG -0.07853172449736857 0.001285293845292879 0.001357196817474245
AGTTT 0.10269473708996173 0.0034692680674828923 0.003230901087143206
ATAAA -0.6189029582122447 0.002224986814505252 0.0034169277548848796
ATAAC -0.16320172167718658 0.0011392804276260608 0.0012757314144451596
ATAAG -0.3243864383553345 0.0010859211124934073 0.0013597163660215362
ATAAT -0.42399301154486185 0.0023446426630270674 0.0031456563612931835
ATACA -0.24540565549866014 0.0012515282424574272 0.0014835941695966917
ATACC -0.12298308762142394 0.000509007068498813 0.0005543006804040852
ATACG -0.2989381423343534 0.0003112984592095145 0.00038297137918827704
ATACT 0.028016072456686532 0.0014052181008324643 0.001378193055368339
ATAGA -0.28655729268440044 0.0012734839365110041 0.0015533016794050843
ATAGC -0.08952136337383483 0.0005742299738168954 0.0006109905227181393
ATAGG -0.3935623665235836 0.00046767238776225045 0.0006143499207811944
ATAGT -0.17767572097965847 0.001389650493801811 0.0015717783687518871
ATATA -0.3803256403824412 0.003465510369234114 0.004510831749167184
ATATC 0.003182536583388615 0.0016131261767970185 0.0016095715969612564
ATATG -0.09590948518779671 0.002125676217930394 0.0022717929401409854
ATATT -0.24799900316997442 0.0033645356491490827 0.003995584071246114
ATCAA -0.15680159168638008 0.0017602132225349163 0.001962308393582038
ATCAC -0.06121337653787483 0.0008283040568378701 0.0008642051517209146
ATCAG 0.07266481362256662 0.0007794539796037507 0.000741167197661523
ATCAT -0.001854518453445543 0.002149349716897698 0.002152114384144649
ATCCA -0.14802664977800092 0.0008504207951021088 0.0009423111566869448
ATCCC -0.02788132158785849 0.00035751814766948897 0.0003644946898414742
ATCCG 0.013099987969448952 0.00026357569145002863 0.00026119319940253106
ATCCT 0.2750713097854036 0.0010071168120761686 0.0008322908701218916
ATCGA 0.1905899902757359 0.0005999970475228045 0.0005257457968681172
ATCGC 0.06722220610964777 0.0002023788913984945 0.00019316538862566604
ATCGG 0.01602180896965819 0.00024033164371115647 0.00023767741296114563
ATCGT 0.05400969204676167 0.0005767529997839323 0.0005555604546777309
ATCTA 0.059387022265367254 0.001628640102424118 0.0015629599488363676
ATCTC 0.429723169972555 0.0017155502947780073 0.0012736317906557504
ATCTG 0.4468089113553634 0.001569429514304081 0.0011514336861121225
ATCTT 0.29100914288987983 0.003372426815471517 0.002756386110736678
ATGAA -0.07425886857988866 0.0020022626711598004 0.002108022284567051
ATGAC -0.1910254808813794 0.0007103123318262279 0.0008108747074699155
ATGAG -0.04947240564450992 0.0009344858730676373 0.000967086717401976
ATGAT 0.02002209869622816 0.0024994061494731843 0.0024649583287666517
ATGCA -0.1535256386994636 0.0010570941987849214 0.0011757893220692716
ATGCC -0.001958156200387602 0.00036567772100969353 0.00036617438887300176
ATGCG -0.10592305170258284 0.00023372883107401727 0.0002515349299712478
ATGCT 0.22502535549178473 0.0013148722986511205 0.0011249784263655637
ATGGA -0.21036665563345855 0.0009923007446952707 0.0011480742880490675
ATGGC -0.10332945495202236 0.0004202180270205345 0.00045141911472302394
ATGGG -0.33751786921229343 0.0004320279358024095 0.0005459021852464475
ATGGT -0.04551964392352554 0.0012629623814144244 0.001303446448465364
ATGTA -0.2907122098588873 0.0016055570988959078 0.0019639880926135655
ATGTC 0.0023687086001586972 0.0010220939236677282 0.001020417161652975
ATGTG 0.010856978369006343 0.001611998867322385 0.001599913327529973
ATGTT 0.1309808394485478 0.00343265735025908 0.0031347383175882545
ATTAA -0.48550077281148235 0.0021625016607684224 0.0030276575043283746
ATTAC -0.08361904198998456 0.0012613519393078051 0.0013366205043380327
ATTAG -0.03692943457935444 0.0016016383564364674 0.001643165577591807
ATTAT -0.2441026743655913 0.0029020703575315682 0.0034370841432632103
ATTCA 0.04667492492343326 0.0019795554374564678 0.0019165365949729127
ATTCC 0.1444927520773053 0.000908826162168836 0.0008222126759327264
ATTCG 0.19068677206900198 0.0006781571710973956 0.000594193532402864
ATTCT 0.37000084440840386 0.0028898309975212613 0.0022360993357210257
ATTGA 0.1260255964821384 0.0024851268961278263 0.00227725196199345
ATTGC 0.18526143877965612 0.001058060464048893 0.0009305532634662522
ATTGG 0.016622003877654782 0.001301559310569734 0.0012866494581500886
ATTGT 0.10971954023041566 0.002821494570797048 0.0026148714673304837
ATTTA -0.2540741202733394 0.003088774279092301 0.0036835799761398753
ATTTC 0.29685432347915575 0.0029579526986312586 0.0024078485616947157
ATTTG 0.10936060986575605 0.0036792160367824975 0.0034106288835166515
ATTTT 0.014467337864271628 0.006597337133976705 0.006531509684094804
CAAAA -0.4659867308868507 0.002063352108404226 0.002850029331744338
CAAAC -0.19515523783793878 0.0009544016737861628 0.001092644220008659
CAAAG -0.15125158678954662 0.0009033506590063303 0.0010032002465798179
CAAAT -0.16120993933228503 0.0019181975931942717 0.002144975663260657
CAACA -0.32452008870258614 0.0008111796891041513 0.0010157979893162742
CAACC -0.3581028159348327 0.0003528478655602929 0.0004522589642387877
CAACG -0.41805107450307943 0.00019894328157103996 0.00026581237173923177
CAACT 0.018806433712758905 0.0009665873523929157 0.0009540690499076376
CAAGA -0.15845808707010123 0.000849937662470123 0.0009486100280551731
CAAGC -0.07011607990187188 0.0003872039638348384 0.00040648716562966246
CAAGG -0.43163663171198224 0.0002923489237549605 0.0003943093476510879
CAAGT -0.05887808659247509 0.0009957363545227253 0.0010372141519682503
CAATA -0.31589069655036334 0.0011368647644661317 0.0014151464340619447
CAATC 0.0691749829562858 0.0009524691432582196 0.0009078773265406304
CAATG -0.07680991727016498 0.0010427612640360095 0.0010997829408926508
CAATT 0.06838662955985726 0.001978750216403158 0.0018871418619211809
CACAA -0.22158910609599064 0.0008668473045896258 0.0010107588922216918
CACAC -0.06266622070562772 0.0005037999723540771 0.0005261657216259991
CACAG -0.10762644869072942 0.00030555454902923894 0.00032922101017939605
CACAT -0.1630472033706999 0.0010351385047313447 0.0011589923317539964
CACCA -0.3843987308503087 0.0004487765337112504 0.0005857950372452264
CACCC -0.17798363077785875 0.0001521867790755257 0.00017216915073157193
CACCG -0.28342985981726454 0.0001138582569379859 0.0001385751701010213
CACCT 0.024067307342905096 0.00041887599193168504 0.00041194618748212694
CACGA -0.580581620092214 0.00018729441699982688 0.00028008981350721577
CACGC -0.6043531490620271 9.308355376259668e-05 0.00014151464340619448
CACGG -0.5301616627034046 9.276146534127281e-05 0.0001339559977643206
CACGT -0.6709344325028148 0.00023737916651568773 0.00037793228209369447
CACTA -0.11397705056895077 0.0006934026897067251 0.0007504055423349245
CACTC 0.20339354042949234 0.000560863304331955 0.000487112719142984
CACTG 0.19525661656107002 0.0005932868720785573 0.0005181871512262433
CACTT 0.15685810705158912 0.0012836834031862596 0.0011514336861121225
CAGAA -0.12268315527295164 0.000757498285550174 0.0008247322244800177
CAGAC -0.17514396105230584 0.0002540204016174207 0.0002868086096333259
CAGAG -0.12111931339075899 0.0004289680957998328 0.0004665364060067717
CAGAT 0.047688421159382786 0.0007925522420709212 0.0007667826078923179
CAGCA -0.15866395549697454 0.0002874102346279946 0.0003208225150217584
CAGCC -0.34659024423536494 0.00013474032292048308 0.00017132930121580814
CAGCG -0.09679503137799135 7.107417830546598e-05 7.600638117662078e-05
CAGCT 0.144721645608697 0.0005208706586842419 0.0004711555783434724
CAGGA -0.1609339894628806 0.00023737916651568773 0.00026539244698134986
CAGGC -0.27757349031240897 0.00011154995658516488 0.00013521577203796624
CAGGG -0.2850491648668731 0.00010993951447854556 0.0001339559977643206
CAGGT -0.37983130061202225 0.00021816122404336383 0.0002838691363281527
CAGTA 0.001479330756916998 0.0005309090811488357 0.0005303649692048179
CAGTC 0.07811127098576343 0.0003577328732837049 0.0003388792796106794
CAGTG -0.025322289067187354 0.000459244407404276 0.00046737625552253546
CAGTT 0.1771843110948508 0.0011162511055014044 0.0009872431057803062
CATAA -0.2430021764230686 0.0013153554312831063 0.0015566610774681393
CATAC -0.03284249081169681 0.0006571677423077904 0.0006722995373688943
CATAG -0.08127666815561824 0.0007041389704175205 0.00074494652048246
CATAT -0.08019744390897057 0.0019773544999107545 0.002090385444736012
CATCA -0.010795264263662223 0.0011136743981308135 0.0011220389530603907
CATCC -0.00985007584609945 0.0004049725084112049 0.00040774693990330813
CATCG 0.07009383797543883 0.00028698078339956277 0.0002733710173811057
CATCT 0.2934374606681624 0.0015001805037194503 0.001224080669225688
CATGA -0.09458312574750996 0.0011117955490064244 0.0011871272905320824
CATGC -0.01739189902384757 0.0005675734797762022 0.0005744570687824155
CATGG -0.1841891685309995 0.000584697847509921 0.0006643209669691385
CATGT -0.0482044551789816 0.0015319062132198508 0.0015839561867304617
CATTA -0.08203476372592272 0.0014967985752955496 0.0015843761114883435
CATTC 0.20087927346329154 0.0011535596809714188 0.0010036201713376997
CATTG 0.06823169685284113 0.0015215457023339332 0.0014512599632397866
CATTT 0.16893967424571413 0.0032895427283841762 0.002926035712920959
CCAAA -0.3975240297544588 0.0010740038409044242 0.001414726509304063
CCAAC -0.3330550357247957 0.000395363537175043 0.0004980307628479129
CCAAG -0.23060740348802658 0.0004062071806929464 0.0004766146001959369
CCAAT -0.09618457274676832 0.0008461799642213446 0.0009045179284775754
CCACA -0.37003447064662437 0.00041232686069809984 0.0005328845177521092
CCACC -0.4425729607268673 0.0002064049966650428 0.0002805097382650977
CCACG -0.7465830579738538 9.63581193793893e-05 0.00016167103178452486
CCACT -0.20922253767176266 0.000494727815153455 0.0005719375202351243
CCAGA -0.01039175560643596 0.00030517877920436105 0.00030738492276953815
CCAGC -0.11666632823296608 0.00014601341766681833 0.0001583116337214698
CCAGG -0.06382699252330672 0.00010043790604949157 0.00010498118947047067
CCAGT 0.19680852102516488 0.0003667513490807731 0.0003199826655059946
CCATA -0.15442113023278492 0.0006885713633868672 0.000766362683134436
CCATC 0.006579423127763698 0.0005239304986868187 0.0005215465492892983
CCATG -0.12464079412006597 0.0005719753548676284 0.0006235882654545958
CCATT 0.11186741762685101 0.001261512983518467 0.001167390826911634
CCCAA -0.29339870400712004 0.00041152163964479013 0.0005043296342161412
CCCAC -0.5502499477463585 0.00018697232857850301 0.00027379094213898753
CCCAG 0.24868135582475986 0.00011874326466139784 9.99420923758881e-05
CCCAT -0.1403820716066947 0.0004114679582412362 0.00045351873851243337
CCCCA -0.1919013867712223 0.00018895854051000018 0.00021584132555128773
CCCCC -0.051614943741356896 0.00010210202955966486 0.00010582103898623445
CCCCG -0.3325505709550111 4.4018750914261406e-05 5.543006804040852e-05
CCCCT 0.13548072183096205 0.00024124422757157408 0.00021962064837222466
CCCGA -0.26719683296091146 9.839801271444044e-05 0.00011841878172269092
CCCGC -0.696040131764786 4.5360786003110836e-05 7.348683262932948e-05
CCCGG -0.10594777947743388 5.228568706157391e-05 5.6269917556172283e-05
CCCGT -0.1013879399908311 0.00010333670184140635 0.00011086013608081704
CCCTA 0.028545307696112517 0.0003443662037987645 0.0003376195053370337
CCCTC 0.24841581012302966 0.00030877543324247755 0.0002599334251288854
CCCTG 0.21456678011874536 0.00024704181915540365 0.00021290185224611454
CCCTT 0.3862425680186602 0.0007107417830546597 0.0005438025614570381
CCGAA -0.4429809537740048 0.0002125246766701962 0.0002889082334227353
CCGAC -0.6772440296477482 8.744700638942906e-05 0.00013983494437466696
CCGAG 0.03114854773913704 0.00012743965203714216 0.00012471765309091917
CCGAT 0.15448772953860587 0.0002724868044399889 0.00024481613384513763
CCGCA -0.2165852006322606 9.576762394029554e-05 0.00011128006083869892
CCGCC -0.7095235538120848 5.341299653620744e-05 8.73443496394316e-05
CCGCG -1.1261091398766114 2.866586949782389e-05 6.256878892440053e-05
CCGCT 0.1898541679814768 0.00011783068080098022 0.00010330149043894315
CCGGA -0.2816608678577912 0.00011987057413603136 0.0001457138909850133
CCGGC -0.6247125237226712 5.2017280043804024e-05 8.02056287554396e-05
CCGGG -0.5552074326473929 4.944057267321311e-05 7.264698311356572e-05
CCGGT 0.008976230170584453 0.00017408879172554846 0.0001730090002473357
CCGTA -0.22425285592427663 0.00016931114680924448 0.00019778456096236676
CCGTC -0.0774246966401157 0.00012695651940515637 0.0001339559977643206
CCGTG -0.4112432025776185 0.0001342035088849433 0.00017846802209980017
CCGTT 0.27445459475929085 0.00036417464171018216 0.0003010860514013099
CCTAA -0.01475215901955684 0.0007228200988543046 0.0007302491539565941
CCTAC -0.030651220499011374 0.0002717352647902332 0.0002775702649599245
CCTAG 0.06306497998583582 0.00035182791889276736 0.00033677965582126995
CCTAT -0.026258612287597728 0.0006045062854213387 0.0006156096950548401
CCTCA 0.12308661931192251 0.000499398097262651 0.00045855783560701593
CCTCC 0.09022164891311242 0.00029905909919920767 0.00028092966302297953
CCTCG -0.07903130852123488 0.00015782332644869332 0.00016671012887910745
CCTCT 0.46273655282796994 0.0010052379629517793 0.0007294093044408303
CCTGA 0.26684597607913024 0.0005274734713213812 0.00043840144722868556
CCTGC 0.27681476916214426 0.0002558992507418099 0.00021122215321458702
CCTGG 0.07856296836802927 0.00021461825140880133 0.00020324358281483123
CCTGT 0.27866546992476315 0.0005476039976541226 0.00045141911472302394
CCTTA 0.26158808886563906 0.0008824685930238332 0.0007361281005669404
CCTTC 0.3111622273686671 0.0007518080567734524 0.0006059514256235568
CCTTG 0.1573060796950023 0.0008017317620786513 0.0007189111854937832
CCTTT 0.31425479739112017 0.001955345124453624 0.0015726182182676507
CGAAA -0.280599152979378 0.0005320363906234693 0.0006462642023802175
CGAAC -0.27569162712636713 0.0001772559945352331 0.00021458155127764206
CGAAG -0.46792788118439865 0.00019400459244407403 0.00026833192028652306
CGAAT 0.04369927967715399 0.000534988867818938 0.0005190270007420071
CGACA -0.6513129762090931 0.00016549976715691207 0.0002599334251288854
CGACC -0.6357070640571424 9.324459797325861e-05 0.00014487404146924955
CGACG -0.7934187238414276 6.323669338658528e-05 0.00010960036180717139
CGACT -0.05668254339751298 0.0002099479692996053 0.00021836087409857902
CGAGA -0.11326073198434888 0.00026282415180027297 0.00028428906108603463
CGAGC -0.013105469849050696 0.00011568342465882113 0.0001167390826911634
CGAGG -0.4393731145077387 0.00010312197622719044 0.00013983494437466696
CGAGT 0.02690410445044743 0.0002973412942854804 0.0002918477067279085
CGATA -0.1438041157508053 0.0003356161350194662 0.0003707935612097024
CGATC 0.3487039328703024 0.0003181696788644236 0.0002498552309397202
CGATG 0.08727179000038586 0.00031049323815620484 0.0002922676314857904
CGATT 0.501827370174194 0.0008366246743887366 0.000590834134339809
CGCAA -0.10306689309556566 0.00017671918049969336 0.000189805990562611
CGCAC -0.42506369716446074 7.381192988671882e-05 9.910224286012432e-05
CGCAG -0.23569777401063027 8.202518463047734e-05 9.658269431283302e-05
CGCAT 0.0037172575305019374 0.0002168191889545144 0.0002162612503091696
CGCCA -0.5375642063278252 0.00010183362254189499 0.00014781351477442272
CGCCC -0.6815365353502683 2.7753285637406275e-05 4.451202433547957e-05
CGCCG -0.4675119954504156 4.342825547516765e-05 6.004924037710923e-05
CGCCT -0.1794922330102344 0.00012013898115380125 0.00013605562155373
CGCGA -0.23017356164009722 5.190991723669607e-05 6.0889089892873e-05
CGCGC -0.7152493894677184 2.1740968439360814e-05 3.569360441996003e-05
CGCGG -0.898994885496873 2.6572294759218775e-05 4.955112143006216e-05
CGCGT -0.42544233598658143 6.0659986015994374e-05 8.146540302908525e-05
CGCTA 0.029395957195129514 0.00015642760995628993 0.0001532725366268872
CGCTC 0.15583124360382947 0.00012958690817930127 0.00011631915793328152
CGCTG 0.18849848642209147 0.00013973269345100297 0.00012261802930150974
CGCTT 0.3335647110751207 0.00034871439748663667 0.0002767304154441607
CGGAA -0.1880745886397381 0.00021526242825144906 0.0002452360586030195
CGGAC -0.6218617142602736 5.89421811022671e-05 9.070374770248667e-05
CGGAG -0.3804145431987226 0.00010290725061297453 0.0001339559977643206
CGGAT -0.1734223487454377 0.00026400514267846045 0.00029772665333825486
CGGCA -0.6265248996534679 6.908796637396881e-05 0.00010666088850199821
CGGCC -0.6732641787352027 3.897269898018754e-05 6.214886416651865e-05
CGGCG -0.9116801451279881 3.950951301572731e-05 7.432668214509324e-05
CGGCT -0.18847070581615075 0.00012786910326557398 0.0001457138909850133
CGGGA -0.684207050479572 8.336721971932679e-05 0.0001339559977643206
CGGGC -0.3724782832749591 3.049103721865912e-05 3.9472927240896977e-05
CGGGG -0.7163700164006274 4.0636822490360835e-05 6.676803650321935e-05
CGGGT -0.6886606013991885 0.00011724018536188647 0.00018896614104684724
CGGTA -0.2889237804835042 0.00014504715240284673 0.0001772082478261545
CGGTC -0.538104505448214 0.00010381983447339214 0.0001507529880795959
CGGTG -0.3946423736415065 0.0001482143552125314 0.0001948450876571936
CGGTT 0.034617911972290596 0.00048130746426496067 0.0004698958040698268
CGTAA -0.33683451180152496 0.0003484459904688668 0.0004400811462602131
CGTAC -0.4681308263611871 0.00016362091803252287 0.00022633944449833478
CGTAG -0.2131176004901343 0.00021010901351026725 0.000243556359571492
CGTAT -0.24374401116109864 0.0004128099933300856 0.0004887924181745114
CGTCA -0.3489273365758082 0.00022057688720329282 0.00028092966302297953
CGTCC -0.36733350424636146 0.00011165731939227283 0.00014403419195348576
CGTCG -0.2504324538747346 9.99010920139518e-05 0.00011883870648057282
CGTCT 0.18471205666415366 0.00039853073998472765 0.0003506371728313721
CGTGA -0.3022211803915668 0.0002741509279501622 0.00033803943009491557
CGTGC -0.39902204446833117 0.00011305303588467624 0.00014907328904806836
CGTGG -0.5120300209826723 0.00015164996503998592 0.0002162612503091696
CGTGT -0.24050914926104955 0.00036610717223812536 0.0004325225006183392
CGTTA -0.07585284788369352 0.0004589760003865061 0.0004837533210799289
CGTTC 0.2507491764128745 0.0003152708830725088 0.000264972522223468
CGTTG 0.10224754301049978 0.0004597812214398158 0.00042832325303952037
CGTTT 0.2862564542286655 0.0012228623729596034 0.0010027803218219358
CTAAA -0.14303568741261116 0.0015721135844817798 0.0017359689490837032
CTAAC 0.12285736219156086 0.0008184803599874922 0.0007516653166085701
CTAAG 3.461872885598122e-05 0.0007059104567348018 0.0007058935179994449
CTAAT 0.019312771245023196 0.0017840477657128824 0.0017603245850408523
CTACA -0.09810473989317194 0.0006681187486328018 0.0007151318626728463
CTACC -0.06925745534900271 0.0002993811876205315 0.0003141037188956483
CTACG -0.10932901893862165 0.00017790017137788084 0.0001919056143520204
CTACT 0.21618705970920798 0.0010190340836651515 0.000877222819215253
CTAGA -0.027430476197975402 0.0007877745971546172 0.0008028961370701598
CTAGC 0.06407653315250997 0.0004073881715711339 0.0003896901753143872
CTAGG -0.12519172802288006 0.00038425148663936965 0.00041908490836611894
CTAGT 0.042436054514600356 0.0009721702183625293 0.0009439908557184723
CTATA -0.08641551959737956 0.0013336607898950126 0.0014159862835777086
CTATC 0.21488366945664933 0.0008460726014142366 0.0007289893796829484
CTATG 0.17912953016521763 0.0010283746478835436 0.0009082972512985123
CTATT 0.08804175907074195 0.0017242466821537517 0.001622169339697713
CTCAA 0.22774899839781812 0.0012244191336626689 0.001045612647125888
CTCAC 0.17542319668484105 0.0006340310573760262 0.0005614394012880772
CTCAG 0.27901864541243493 0.0005171666418390175 0.000426223629250111
CTCAT 0.33300886276672814 0.00147736590720901 0.0011728498487640984
CTCCA 0.09013950274093833 0.0006003191359441284 0.0005639589498353685
CTCCC 0.367637569033096 0.00029149002129809685 0.0002259195197404529
CTCCG 0.04468672734812665 0.00017671918049969336 0.00017132930121580814
CTCCT 0.4362733880779655 0.0008250294912210775 0.0006097307484444937
CTCGA 0.2163058507810734 0.0003941825462968555 0.00033929920436856124
CTCGC 0.1392437439755765 0.0001706531818980939 0.00015495223565841471
CTCGG 0.026131495186481668 0.00017360565909356265 0.00017048945170004438
CTCGT 0.22287771984264437 0.00047733504040196634 0.00040900671417695375
CTCTA 0.2817150845721957 0.0013058001414504984 0.001074167530661856
CTCTC 0.7225795650668387 0.0018418089559369619 0.0011161600064500442
CTCTG 0.5434488786555903 0.0015049581486357541 0.0010325949796315497
CTCTT 0.5199161718831877 0.00293111199685427 0.002044193721369005
CTGAA 0.31845919290570895 0.001368285295187328 0.0010972633923453596
CTGAC 0.15534494873003332 0.0004966603456813982 0.00044596009287055946
CTGAG 0.352743268115106 0.0006499207528280034 0.0005089488065528418
CTGAT 0.4200455221627411 0.0017181270021485982 0.0012841299096027973
CTGCA 0.12382025768822551 0.0006213622461372875 0.0005702578212035968
CTGCC 0.0030740438863377907 0.00023818438756899738 0.00023767741296114563
CTGCG 0.09950263579286596 0.00014757017836988367 0.00013773532058525753
CTGCT 0.4159887731006178 0.0009194013986689696 0.0006890965276841695
CTGGA 0.17150685698730264 0.0005575887387151624 0.0004950912895427397
CTGGC 0.06496074708183387 0.0002402779623076025 0.00022969884256138985
CTGGG 0.36511631767694996 0.0002585296395159548 0.00020072403426753995
CTGGT 0.19262577054039806 0.0007428969437834922 0.0006500435252011545
CTGTA 0.16625708302438494 0.0009085040737475122 0.0008096149331962699
CTGTC 0.12929306902686516 0.000631991164040975 0.0005778164668454706
CTGTG 0.24595714491048737 0.0009272388835878503 0.0007818998991760656
CTGTT 0.4964025074200249 0.0023233311458161383 0.001646944900412744
CTTAA 0.17767674616404067 0.001903166800199158 0.001682638504832704
CTTAC 0.36227269844695104 0.0011092725230393873 0.000862945377447269
CTTAG 0.22303461536791383 0.001086618970739609 0.000930973188224134
CTTAT 0.2807451807673646 0.0023874267416595873 0.001965247866887211
CTTCA 0.31017917328843714 0.001557780649732868 0.0012564148755825932
CTTCC 0.30332993554122956 0.0008674378000287196 0.0007029540446942717
CTTCG 0.3390334679993612 0.00046955123688663966 0.00037121348596758433
CTTCT 0.5058549290777243 0.0030720256811834603 0.00216345235260746
CTTGA 0.24170085708611647 0.0018366018597922261 0.0015533016794050843
CTTGC 0.31205481098298443 0.0008763489130186797 0.0007058935179994449
CTTGG 0.019757617592231172 0.0009297619095548872 0.0009171156712140319
CTTGT 0.22558572567350363 0.0024731559431352894 0.002115161005451043
CTTTA 0.1519135368795843 0.0024564073452264484 0.0022109038502481125
CTTTC 0.39153412937613236 0.0024055710560608318 0.001833811417670182
CTTTG 0.31471974576733236 0.002698671519465548 0.002169751223975688
CTTTT 0.2642596026298271 0.005306138334292889 0.004418028377675288
GAAAA -0.4236611484149421 0.0019820247820199507 0.0026585436421501995
GAAAC -0.005024181948959612 0.001185929567314467 0.0011900667638372556
GAAAG -0.28120192760413076 0.0009547774436110407 0.001160252106027642
GAAAT -0.031642286735907944 0.001999847007999871 0.002044193721369005
GAACA -0.09747398874458511 0.0007900828975074383 0.0008453085376162299
GAACC -0.06399546261997897 0.0004523195063458129 0.00047283527737499993
GAACG -0.20892137354534235 0.00017220994260115925 0.0001990443352360124
GAACT 0.09257526964754396 0.0009796856148600861 0.0009187953702455594
GAAGA -0.27330911579203593 0.0009735659348549327 0.0011766291715850355
GAAGC -0.0995963056632715 0.0004847967554959692 0.000519446925499889
GAAGG -0.388312588540605 0.0003015821251662446 0.00039472927240896975
GAAGT -0.140481386310268 0.0009097387460292537 0.0010027803218219358
GAATA -0.2138718880265778 0.0011376163041158874 0.0013194035892648754
GAATC 0.21936196369924998 0.0013004320010951006 0.001116999855965808
GAATG 0.08046788759482437 0.001034548009292251 0.0009784246858647867
GAATT 0.17507678042578742 0.002215968338708184 0.00196272831833992
GACAA -0.3733082069848161 0.0006470756384396426 0.0008381698167322379
GACAC -0.3262592193957032 0.00031215736166637813 0.0003913698743459147
GACAG -0.4990073919447694 0.0002365202640588241 0.00033426010727397867
GACAT -0.1651742391852122 0.0008059189115558616 0.0009036780789618116
GACCA -0.33676434650887443 0.0003770581785631367 0.00047619467543805503
GACCC -0.43158365086179395 0.00014322198468201148 0.00019316538862566604
GACCG -0.4874590749295817 8.835959024984668e-05 0.0001238778035751554
GACCT -0.10028566434248959 0.00036900596803004013 0.0003955691219247335
GACGA -0.4365448058387664 0.00020882065982497178 0.00028260936205450705
GACGC -0.21551114976479194 7.703281409995745e-05 8.944397342884102e-05
GACGG -0.5630668674992247 7.617391164309382e-05 0.00011253983511234457
GACGT -0.5650662723468967 0.00018761650542115075 0.0002775702649599245
GACTA -0.22020272293904336 0.0006088544791092108 0.0007092529160624999
GACTC 0.14082561448896685 0.00046622298986629307 0.0004228642311870559
GACTG -0.05055751080202186 0.00045006488739654586 0.00046611648124888984
GACTT 0.04211118507151655 0.0010921481553056685 0.0010607299384096359
GAGAA -0.19998397273530036 0.0010466263250918958 0.0012022445818158302
GAGAC -0.22492457512397307 0.00040062431472333277 0.0004682161050382992
GAGAG -0.5017596310466695 0.0005359014516793556 0.0007588040374925621
GAGAT 0.005791186219105137 0.0011117955490064244 0.0011073415865345247
GAGCA -0.20518522514300752 0.00033620663045855995 0.00038759055152497775
GAGCC -0.18596534129180092 0.00015540766328876434 0.00017678832306827262
GAGCG -0.2979872250743605 6.967846181306257e-05 8.566465060790407e-05
GAGCT 0.17844958935994068 0.0006443915682619438 0.000569417971687833
GAGGA -0.29528234618537275 0.00040824707402799753 0.0005009702361530861
GAGGC -0.3222532646955406 0.00016490927171781833 0.00020618305612000442
GAGGG -0.5828624873417293 0.00015615920293852003 0.00023389809014020868
GAGGT -0.2699526982514205 0.0003649798627634918 0.0004400811462602131
GAGTA -0.13320645848157553 0.0006352120482542137 0.0006966551733260434
GAGTC -0.11038923580522518 0.00044850812669348055 0.0004841732458378108
GAGTG -0.10505365401542298 0.0004888228607625174 0.0005257457968681172
GAGTT 0.07313232937563735 0.0013601794032506774 0.0012929483295183169
GATAA -0.2670695718978124 0.0012171721441828819 0.001464697555492007
GATAC -0.052205663927244225 0.000636661446150171 0.0006601217193903196
GATAG -0.1832111492290284 0.0006701586419678529 0.0007609036612819715
GATAT -0.05506413683627511 0.0016798521614146123 0.0017452072937571045
GATCA 0.0506658846955524 0.001017745729979856 0.0009826239334436056
GATCC 0.11453199047882269 0.0004964456200671823 0.00045855783560701593
GATCG 0.24575995341043486 0.0003146803876334151 0.00026539244698134986
GATCT 0.402887061177681 0.001521814109351703 0.0011510137613542405
GATGA 0.03646551319384654 0.001323461323219757 0.0012904287809710256
GATGC 0.001168827294402047 0.0005501270236211596 0.0005496815080673845
GATGG -0.1372133954097622 0.0005685397450401738 0.0006252679644861233
GATGT 0.023085635309985572 0.0012813751028334388 0.0012610340479192938
GATTA 0.0503455437470293 0.0016728198975490413 0.001615450543571603
GATTC 0.39756866028693083 0.0016893537698436662 0.00128245021057127
GATTG 0.26015957770605486 0.0016656265894728084 0.0013907907981047956
GATTT 0.21820496827537023 0.003713518453653489 0.0031922680094180725
GCAAA -0.19997312943756465 0.0008082808933122366 0.0009284536396768427
GCAAC -0.1693362301525885 0.0003581086431085827 0.0004027078428087255
GCAAG -0.2876337578480602 0.0003612221645147134 0.00044092099577597684
GCAAT -0.04266359651002744 0.0007391392455347137 0.0007613235860398534
GCACA -0.18139037612576636 0.0003095806542957872 0.00035105709758925395
GCACC -0.09242454179926765 0.00013903483520480127 0.0001482334395323046
GCACG -0.7809641059237651 7.209412497299154e-05 0.0001238778035751554
GCACT -0.04809857921028257 0.0003228936423771736 0.00033384018251609676
GCAGA -0.18423538394551295 0.00035590770556286966 0.0004043875418402531
GCAGC -0.21159928286066992 0.00018530820506832972 0.00021458155127764206
GCAGG -0.5898749642784186 0.0001032293390342984 0.0001553721604162966
GCAGT -0.05306327070718799 0.00035376044942071055 0.0003670142383887655
GCATA -0.1567439842596524 0.0007014012188362677 0.0007818998991760656
GCATC -0.0256983677305173 0.0004954256733996567 0.0005043296342161412
GCATG -0.15238156685057852 0.0005799738839971709 0.00064458450334869
GCATT 0.046457694488433614 0.0011153922030445408 0.0010800464772722023
GCCAA -0.398464687686352 0.0003609537574969435 0.0004757747506801731
GCCAC -0.3518202608547279 0.00017505505698952006 0.0002233999711931616
GCCAG -0.38267405038084734 0.00011852853904718193 0.00015453231090053283
GCCAT -0.13249847253086158 0.00041372257719050323 0.00045351873851243337
GCCCA -0.5534621658428547 0.00011960216711826147 0.00017552854879462697
GCCCC -0.34927089211363366 6.098207443731824e-05 7.76860802081483e-05
GCCCG -0.6042318202384824 2.6518613355664797e-05 4.0312776756660745e-05
GCCCT 0.027493213967632848 0.00017462560576108824 0.00017132930121580814
GCCGA -0.5857357442685819 7.778435374971314e-05 0.0001167390826911634
GCCGC -0.476420546874044 4.557551161732675e-05 6.340863844016429e-05
GCCGG -0.835724875596423 4.423347652847731e-05 7.894585448179395e-05
GCCGT -0.182021794228081 0.00010253148078809668 0.00011631915793328152
GCCTA -0.1665159245025005 0.00028510193427517356 0.0003199826655059946
GCCTC 0.13687699267080422 0.00026271678899316504 0.00023893718723479128
GCCTG 0.1209280046279073 0.00021096791596713087 0.00019400523814142983
GCCTT 0.07514226137107534 0.000598977100855279 0.0005685781221720693
GCGAA -0.21376182191160392 0.00017199521698694334 0.0001994642599938943
GCGAC -0.48678245372158585 7.1020496901912e-05 9.95221676180062e-05
GCGAG -0.27410152860156184 0.00010070631306726145 0.000121778179785746
GCGAT 0.10096726289701975 0.0002080691201752161 0.00019400523814142983
GCGCA -0.28734909135753756 6.29682863688154e-05 7.684623069238454e-05
GCGCC -0.5395428989977136 3.177939090395457e-05 4.61917233670071e-05
GCGCG -0.9362723801926683 1.9969482122079565e-05 3.821315296725133e-05
GCGCT -0.018126321555696944 7.837484918880688e-05 7.936577923967583e-05
GCGGA -0.3769147810921625 8.084419375228985e-05 0.00010498118947047067
GCGGC -0.5843870088416107 4.2569353018304014e-05 6.382856319804617e-05
GCGGG -0.9064097518515576 3.875797336597163e-05 7.264698311356572e-05
GCGGT -0.27989545320341125 0.00010929533763589783 0.00013269622349067493
GCGTA -0.3330021650046671 0.00015068369977601435 0.000189805990562611
GCGTC -0.15409127133793032 0.00011283831027046033 0.00012555750260668293
GCGTG -0.3801183454770911 0.00012131997203198875 0.0001578917089635879
GCGTT 0.2860318972585595 0.00033792443537228724 0.0002771503402020426
GCTAA 0.04291641444104521 0.0008396845143913132 0.0008150739550487344
GCTAC 0.005485065221848428 0.000388223910502364 0.000386750702009214
GCTAG -0.01271325907168347 0.00042623034421857995 0.0004300029520710479
GCTAT 0.2096409025033504 0.0007920154280353814 0.0006848972801053508
GCTCA 0.27525681665454155 0.0005605412159106312 0.00046317700794371665
GCTCC 0.08942569121379866 0.00023947274125429282 0.00022507967022468913
GCTCG -0.067172224652918 0.00016233256434722743 0.0001700695269421625
GCTCT 0.35673176794723344 0.0008893934940822963 0.000694555549536634
GCTGA 0.3027633020777889 0.0006599054938890432 0.0005349841415415186
GCTGC 0.003395022407999373 0.00033083849010316223 0.0003300608596951598
GCTGG 0.08541625936250424 0.0002646493195211082 0.00024943530618183835
GCTGT 0.0678327924402346 0.000601231719804546 0.0005736172192666518
GCTTA 0.3087007321057905 0.0011369721272732397 0.0009179555207297957
GCTTC 0.3530364805997342 0.000986878922936319 0.0007726615545026642
GCTTG 0.1386810121774118 0.000946778914481498 0.0008600059041420958
GCTTT 0.23811184197037424 0.0020772019105211523 0.0017611644345566161
GGAAA -0.250811894531077 0.0009316944400828304 0.0011086013608081703
GGAAC -0.0850169462818722 0.0004129173561371936 0.0004379815224708037
GGAAG -0.42469991511945104 0.0004195201687743328 0.0005631191003196048
GGAAT 0.02238852375562808 0.0008743090196836286 0.0008608457536578596
GGACA -0.5884645043801657 0.000258046506883969 0.00038801047628285966
GGACC -0.7666550995187904 0.00014241676362870183 0.00024229658529784632
GGACG -0.6196152950699956 7.187939935877563e-05 0.00011044021132293515
GGACT -0.1698425620495205 0.00034715763678357136 0.00039053002483015095
GGAGA -0.44322259298816746 0.00045462780669863393 0.0006181292436021313
GGAGC -0.2292844166648349 0.00016764702329907118 0.00019652478668872111
GGAGG -0.4612838850772139 0.0001744645615504263 0.00024019696150843692
GGAGT -0.15454053657133088 0.0003919816087511424 0.0004363018234392761
GGATA -0.23313810174989708 0.0005959172608527022 0.0007004344961469804
GGATC -0.006962871308072884 0.0004973045225240459 0.0004997104618794404
GGATG -0.12900750236235356 0.0004631094684601624 0.0005064292580055506
GGATT 0.14583438224515483 0.0013115440516307739 0.001185447591500555
GGCAA -0.48118175869815993 0.00028639028796046903 0.0003997683695035524
GGCAC -0.46743732690925593 0.0001233061839634859 0.00017048945170004438
GGCAG -0.3129193686955122 0.0001342035088849433 0.00016671012887910745
GGCAT -0.19947864519834677 0.0003664292606594492 0.0004207646073976465
GGCCA -0.5007721749581896 0.0001566960169740598 0.0002217202721616341
GGCCC -0.6888552481322986 5.835168566317335e-05 9.406314576554172e-05
GGCCG -0.799534285266509 4.2461990211196065e-05 7.390675738721136e-05
GGCCT -0.23594589897647172 0.00019540030893647745 0.00023011876731927173
GGCGA -0.4545312722848113 9.03994835848978e-05 0.0001238778035751554
GGCGC -0.7302419664263092 3.113521406130685e-05 5.1650745219471576e-05
GGCGG -0.8647182381564371 4.911848425188925e-05 8.944397342884102e-05
GGCGT -0.3173418008886533 0.00010548395798356543 0.0001314364492170293
GGCTA -0.095951286766547 0.00035204264450698327 0.0003762525830621669
GGCTC -0.09050582233634479 0.00025240995951080137 0.00026875184504440496
GGCTG -0.13630787475219214 0.00025407408302097466 0.000279249963991452
GGCTT 0.06486335843952448 0.0007181498167451086 0.0006865769791368783
GGGAA -0.3049835331561821 0.00041366889578694924 0.0005110484303422513
GGGAC -0.6536353719862702 0.00013640444643065638 0.00021458155127764206
GGGAG -0.471788966292044 0.0001626009713649973 0.00022549959498257101
GGGAT -0.03300096501058084 0.00042274105298757144 0.0004325225006183392
GGGCA -0.48512667106088636 0.0001167033713263467 0.00016335073081605238
GGGCC -0.9690033868659097 5.663388074944608e-05 0.00011086013608081704
GGGCG -0.7749914731596077 2.748487861963639e-05 4.703157288277086e-05
GGGCT -0.23821652475241226 0.0001808526485733496 0.00021332177700399642
GGGGA -0.38267405038084734 0.0001909984338450513 0.00024901538142395644
GGGGC -0.4618578889913311 5.5184482853488684e-05 7.600638117662078e-05
GGGGG -0.3086734689370707 8.374298954420462e-05 0.00010372141519682503
GGGGT -0.30844265619505556 0.00021193418123110247 0.00026245297367617673
GGGTA -0.4104190408637518 0.00024328412090662523 0.0003233420635690497
GGGTC -0.5792243957847241 0.00019309200858365642 0.00028848830866485344
GGGTG -0.4864419362710511 0.00019003216858107973 0.0002662322964971136
GGGTT 0.199118973922231 0.0009275072906056201 0.0008079352341647424
GGTAA -0.49048360227850835 0.000494674133749901 0.0006949754742945159
GGTAC -0.39294946343759696 0.00023281624721359964 0.0003057052237380106
GGTAG -0.3516891323133715 0.00032085374904212245 0.00040942663893483566
GGTAT -0.1932490356178608 0.0006177655920991711 0.0007063134427573268
GGTCA -0.47907089216756343 0.0003853251147104492 0.000537083765330928
GGTCC -0.7882387970394089 0.00018455666541857403 0.000318722891232349
GGTCG -0.5721711998631053 0.00012314513975282397 0.00018308719443650088
GGTCT 0.04091948852127999 0.0006173361408707392 0.0006000724790132104
GGTGA -0.19502210930301794 0.0005175960930674493 0.0005925138333713365
GGTGC -0.24158743143662065 0.00018611342612163937 0.00022004057313010654
GGTGG -0.4268826498983857 0.00030362201850129574 0.00040816686466119
GGTGT -0.06400267417811069 0.0006294681380739381 0.0006580220956009102
GGTTA -0.07594260246896255 0.000930245042186873 0.0009805243096541961
GGTTC 0.06186394567652775 0.0007319996188620347 0.0007012743456627442
GGTTG -0.10678691096371712 0.0007904586673323161 0.0008511874842265763
GGTTT 0.25100212950404355 0.0026305498183555507 0.0022104839254902305
GTAAA -0.4141466986796763 0.001197524750482126 0.0015957140799511545
GTAAC -0.13464860047423158 0.0006919532918107676 0.0007596438870083259
GTAAG -0.41762840807502777 0.0004684239274120061 0.0006256878892440052
GTAAT -0.1019337606824626 0.0013299567730497882 0.0014273242520405193
GTACA -0.4537482246014783 0.0005006864509479465 0.0006857371296211145
GTACC -0.25752293635927104 0.0002409758205538042 0.00028806838390697153
GTACG -0.7660026899323532 0.00013951796783678706 0.00023725748820326373
GTACT -0.0749776801111785 0.0007012401746256058 0.0007386476491142317
GTAGA -0.12617096144313458 0.0007902976231216541 0.0008625254526893871
GTAGC -0.03680573538825133 0.000414259391226043 0.0004249638549764653
GTAGG -0.36379258462231223 0.0002724868044399889 0.0003506371728313721
GTAGT -0.15044544029789614 0.0008690482421353389 0.0009645671688546846
GTATA -0.21943424788122834 0.0012800330677445893 0.0014903129657228018
GTATC 0.07922283457698867 0.000809622928401086 0.000766362683134436
GTATG -0.10942181619455987 0.000911241825328765 0.0009830438582014874
GTATT -0.07890706411003215 0.0015827425023854675 0.001671720461127775
GTCAA -0.3197275413694742 0.0008084956189264524 0.0010090791931901641
GTCAC -0.272683067386548 0.00042268737158401745 0.0005106285055843694
GTCAG -0.2733965405506469 0.00030539350481857696 0.0003691138621781749
GTCAT -0.1074240415490538 0.0009117249579607508 0.0009822040086857238
GTCCA -0.4717266918850715 0.0003751793294387475 0.0005202867750156527
GTCCC -0.30899381867545556 0.00019083738963438938 0.00023641763868749997
GTCCG -0.4398425737032154 9.16341558666393e-05 0.0001242977283330373
GTCCT 0.08529887716584632 0.00048425994146042943 0.0004564582118176065
GTCGA -0.23460128492072532 0.00024269362546753146 0.00028554883535968024
GTCGC -0.3041670995489496 0.00010237043657743475 0.0001263973521224467
GTCGG -0.6835560868360006 0.00011713282255477851 0.00018812629153108345
GTCGT -0.26863880713481797 0.00029524771954687526 0.00035567626992595466
GTCTA -0.034424565758892606 0.0007987256034796286 0.0008180134283539075
GTCTC 0.14359018500689089 0.0009036190660241003 0.0008180134283539075
GTCTG 0.17427187155764243 0.0006761709591658983 0.0005992326294974467
GTCTT 0.18907309807313166 0.0017617163018344279 0.0015453231090053283
GTGAA -0.10142078487332126 0.00117895098485245 0.0012648133707402307
GTGAC -0.08730759749200273 0.00047234266987144645 0.0005018100856688498
GTGAG -0.187263598693744 0.000480555924615205 0.0005471619595200932
GTGAT 0.106081870148124 0.0014300189092744018 0.001328641933938277
GTGCA -0.17322068475189778 0.00040518723402542084 0.0004568781365754884
GTGCC -0.1383823767333657 0.00017816857839565074 0.00019610486193083923
GTGCG -0.2856153004053912 9.818328710022453e-05 0.00011967855599633658
GTGCT 0.11876117748209872 0.000617819273502725 0.0005689980469299511
GTGGA -0.22006718901338468 0.0005937700047105431 0.0006916160762314609
GTGGC -0.24917089426806469 0.00027452669777504004 0.00032628153687422286
GTGGG -0.40410619259296177 0.00027259416724709684 0.0003607153670205373
GTGGT -0.13863219826387127 0.0007712944062635462 0.0008490878604371668
GTGTA -0.055318038546488875 0.0009792024822281003 0.0010174776883478019
GTGTC -0.1810655639777708 0.0006104112398122761 0.0006920360009893428
GTGTG -0.08489487033305831 0.0010796940696811458 0.0011451348147438942
GTGTT 0.18563743905840235 0.0022150557548477664 0.001947611027056172
GTTAA -0.1703985018855497 0.0015485474483215838 0.0017426877452098133
GTTAC 0.11511954997403742 0.000961004486423302 0.0008873010134044182
GTTAG -0.10549386445788586 0.0009550995320323645 0.001027555882536967
GTTAT 0.11817546802523657 0.0020395712466298142 0.0018791632915214252
GTTCA 0.07494261190857124 0.0011407298255220182 0.0010829859505773756
GTTCC 0.25228477306595926 0.000636715127553725 0.0005345642167836367
GTTCG 0.02432612983257825 0.0003459229645018299 0.000340139053884325
GTTCT 0.3392216905869699 0.0020909443498309706 0.0016528238470230904
GTTGA 0.09616921612171964 0.0016267075718961748 0.001521807322563943
GTTGC 0.08589319595596259 0.0007590013648496853 0.0007151318626728463
GTTGG -0.0447065055444906 0.000856969926335694 0.0008839416153413631
GTTGT 0.17797403164593717 0.0020845562628080475 0.0018426298375857015
GTTTA 0.05228298895339455 0.0025837933158600365 0.002491833513271092
GTTTC 0.3669240016732515 0.002807859494294338 0.002177309869617562
GTTTG 0.18737315901344484 0.002779086261989406 0.0024406026928095025
GTTTT 0.25579184068291977 0.0058331286729822835 0.0048854046331978235
TAAAA -0.6061817293061894 0.0026278657481778518 0.004000203243582814
TAAAC -0.18299326973282273 0.001434474465769382 0.0016284682110659413
TAAAG -0.29059333032217566 0.001339619425689504 0.0016385464052551064
TAAAT -0.38962531547786344 0.0024896361340263603 0.003261555594468583
TAACA -0.122343487105024 0.0014250802201474359 0.0015512020556156748
TAACC 0.014908080562895696 0.0007276514251741626 0.0007201709597674288
TAACG -0.2548950365227332 0.0003666976676772191 0.0004375615977129218
TAACT 0.09661772936245938 0.001761018443588226 0.001646944900412744
TAAGA -0.23206105986096998 0.0013364522228798193 0.0015696787449624777
TAAGC -0.04290979551856802 0.000705588368313478 0.000726889755893539
TAAGG -0.25904749787650766 0.0005098659709556766 0.0006101506732023756
TAAGT -0.11388455243665985 0.0013348954621767541 0.0014445411671136766
TAATA -0.4772023840908763 0.0019707516872736154 0.00274336844324234
TAATC 0.1450450291861506 0.0016697600575464645 0.0015100494293432503
TAATG -0.05827286433168443 0.0017551671706008424 0.0018275125463019536
TAATT -0.23292767119946764 0.003269090113630111 0.003841891609861345
TACAA -0.30959881467366557 0.0012814287842369927 0.0015881554343092805
TACAC -0.10400354756063471 0.0006692997395109893 0.0007193311102516651
TACAG -0.07039612552720456 0.0005039073351611851 0.0005291051949311722
TACAT -0.07359010901053845 0.001737828077252908 0.0018287723205755993
TACCA -0.0862694885167245 0.000705266279892154 0.000748725843303397
TACCC -0.023084377462240294 0.0002781233518131565 0.00028260936205450705
TACCG -0.17359824771456212 0.00017945693208094618 0.00020240373329906747
TACCT 0.16385342677728654 0.000781386510131694 0.0006974950228418072
TACGA -0.23522381502995965 0.0003453324690627361 0.00040648716562966246
TACGC 0.07816713851112102 0.00015116683240800014 0.000143194342437722
TACGG -0.4657955022744068 0.00015658865416695185 0.0002162612503091696
TACGT -0.42390166307413374 0.0004407243231781538 0.0005912540590976909
TACTA -0.10371749975817492 0.0012775100417775523 0.0013727340335158746
TACTC 0.3666726278261741 0.0010114113243604866 0.0007844194477233569
TACTG 0.24145200060682712 0.0010082441215508021 0.0008528671832581038
TACTT 0.20277304778562563 0.0023976262083348432 0.0020832467238520204
TAGAA -0.18256607098202285 0.001486330701602524 0.001686837752411523
TAGAC -0.1802926926428769 0.0005803496538220489 0.0006576021708430284
TAGAG -0.21616174857756426 0.0008386645677237877 0.000974225438285968
TAGAT 0.007780698908639571 0.0017711105474563739 0.001761584359314498
TAGCA -0.12037667781540622 0.0006513164693204068 0.0007079931417888543
TAGCC -0.17066077482439893 0.00031226472447348606 0.00035147702234713586
TAGCG 0.026550029181354864 0.0001595411313624206 0.00015663193468994226
TAGCT 0.1744836007183011 0.0012937755070544074 0.0011463945890175398
TAGGA -0.19043651571566853 0.0006785866223258274 0.0007743412535341917
TAGGC -0.1890674962010065 0.00032230314693807983 0.0003674341631466474
TAGGG 0.13187498076364038 0.0004582781421403044 0.0004182450588503552
TAGGT -0.18096501892177 0.0007212096567476853 0.0008175935035960257
TAGTA -0.17083354397422373 0.0012724103084399245 0.001432363349135102
TAGTC -0.05205528935150322 0.00079550471926639 0.0008247322244800177
TAGTG -0.08234490978597755 0.0010463042366705719 0.0011077615112924067
TAGTT 0.0367385934132841 0.002499674556490954 0.0024368233699885652
TATAA -0.38746655342188624 0.002274749475599789 0.002975586834351021
TATAC -0.07650431162295664 0.0012683842031733761 0.0013374603538537965
TATAG -0.20145903571931037 0.0013497652109612057 0.0015520419051314386
TATAT -0.21226831607304664 0.004310133572752393 0.004993325295973468
TATCA -0.0501782937722705 0.0016218762455763168 0.001679279106769649
TATCC 0.10090039685476222 0.0007520764637912223 0.0007012743456627442
TATCG 0.03054405680249367 0.0004679407947800203 0.000458137910849134
TATCT 0.3043806878546345 0.0026031723025430223 0.002108022284567051
TATGA 0.015004740270560934 0.0019645783258649082 0.001944251628993117
TATGC 0.08575920186470368 0.0010075999447081542 0.0009494498775709368
TATGG -0.02916376908026461 0.0010189267208580435 0.0010397337005155416
TATGT 0.059004963340268377 0.002710910879475855 0.002602273724594027
TATTA -0.3072729458447363 0.0023993440132485705 0.002968868038224911
TATTC 0.11538209705863937 0.0018095464324010217 0.0016704606868541295
TATTG 0.11876384927210444 0.002331759126174113 0.002147495211807948
TATTT -0.13542229935145497 0.004697713306412109 0.005160035424852575
TCAAA -0.10398148118474161 0.0022189208159036525 0.002384752700011212
TCAAC -0.1440124328921136 0.0008904134407498219 0.0009838837077172512
TCAAG 0.010038144610223825 0.0009810276499489356 0.000974225438285968
TCAAT 0.1120741697840425 0.002137164038290945 0.0019774256848657857
TCACA -0.08966645260214602 0.001063106515982967 0.001131277297733792
TCACC -0.026275549530691694 0.00048656824181325046 0.0004955112143006216
TCACG -0.43096193353224593 0.00024918907529756276 0.0003359398063055062
TCACT 0.2916156476720234 0.0014314683071703592 0.0011694904507010434
TCAGA 0.08851049412720918 0.0009296008653442252 0.0008742833459100799
TCAGC 0.10540877344836255 0.0004436231189700686 0.00041236611224000885
TCAGG -0.15213009013357848 0.00031441198061564517 0.0003493773985577264
TCAGT 0.20473529639148108 0.0011087357090038476 0.0009620476203073933
TCATA 0.012096360570118545 0.0018327367987363398 0.0018174343521127885
TCATC 0.29986099204230343 0.0014980869289808452 0.0012169419483416962
TCATG 0.09187661858930442 0.0015422130427022146 0.0014470607156609678
TCATT 0.18194650935639758 0.0030092184390253067 0.002652664695539853
TCCAA -0.13378496360355538 0.0009970247082080209 0.0010939039942823045
TCCAC -0.24895083486057717 0.0004869440116381283 0.0005786563163612344
TCCAG 0.20370454318151252 0.00038301681435762817 0.0003325804082424511
TCCAT 0.11232655895903405 0.0013132081751409473 0.0012148423245522868
TCCCA -0.06658204463205154 0.000490003851640705 0.0005131480541316607
TCCCC 0.1731757147412696 0.0002765129097065372 0.0002452360586030195
TCCCG -0.03495957594561812 0.00013484768572759103 0.0001381552453431394
TCCCT 0.3749837680742792 0.0007275440623670547 0.0005610194765301954
TCCGA 0.1447218712315356 0.00030593031885411677 0.0002767304154441607
TCCGC -0.21833262237255455 0.00011766963659031829 0.00013689547106949377
TCCGG -0.0682334200232287 0.0001702237306696621 0.00017846802209980017
TCCGT 0.10133559097711546 0.0003495732999435003 0.000325861612116341
TCCTA 0.14173880221565813 0.0007852515711875802 0.0007117724646097912
TCCTC 0.3965594825604145 0.0009463494632530662 0.0007189111854937832
TCCTG 0.36864683676242854 0.0006777277198689637 0.0005249059473523535
TCCTT 0.40379629204740736 0.0019972166192257263 0.0015096295045853685
TCGAA 0.11976714997161175 0.0006547520791478614 0.0006025920275605017
TCGAC -0.08107436119784273 0.00022508612510182692 0.00023809733771902751
TCGAG 0.0808717204007099 0.00033932015186469063 0.0003208225150217584
TCGAT 0.509210435909155 0.0009305671306081969 0.0006538228480220914
TCGCA -0.022960022581243734 0.00021284676509152007 0.0002162612503091696
TCGCC -0.24482451510727568 0.00013431087169205126 0.00015915148323723355
TCGCG 0.34977606266286576 6.849747093487506e-05 5.3750369008880986e-05
TCGCT 0.43195803737568256 0.00038409044242870773 0.0002847089858439165
TCGGA -0.09225184323262837 0.00028204209427259687 0.00030066612664342806
TCGGC -0.27830143062042556 0.00010768489552927851 0.00013059659970126553
TCGGG -0.45746169951511606 0.00011804540641519613 0.00016209095654240674
TCGGT -0.0876591018013798 0.0003991212354238214 0.00042412400546070156
TCGTA -0.025623550040327073 0.000492151107782864 0.0005009702361530861
TCGTC 0.14275354028360873 0.00041538670070067653 0.0003762525830621669
TCGTG 0.014886941841063598 0.0004272502908861055 0.0004228642311870559
TCGTT 0.33185252197334825 0.0011712208627406772 0.0009305532634662522
TCTAA 0.0974672773256079 0.0018954903594909393 0.0017716625535036633
TCTAC 0.20512577375542618 0.0009289566885015776 0.0008058356103753329
TCTAG 0.10648871769683868 0.00104614319245991 0.0009717058897386766
TCTAT 0.21331327803570366 0.002256497798391437 0.0019463512527825265
TCTCA 0.3815389183927131 0.0018506663875233682 0.0014206054559144092
TCTCC 0.4247597441060952 0.0009819402338093531 0.0007315089282302397
TCTCG 0.39341698484113624 0.0005979034727841994 0.0004551984375439609
TCTCT 0.6515933387153804 0.004148606229458476 0.0026409068023191605
TCTGA 0.5012741222617255 0.001959102822702402 0.0013840720019786855
TCTGC 0.3730891392394844 0.0009289030070980236 0.0007172314864622557
TCTGG 0.3404487186934887 0.0008964257579478673 0.0007079931417888543
TCTGT 0.5120262985523468 0.0025558253046084143 0.0017922388666398756
TCTTA 0.31199452292331364 0.0029229524235140653 0.0023545181174437165
TCTTC 0.5013661031295455 0.003060698905033571 0.0021621925783338143
TCTTG 0.3246790829377685 0.002824124959571193 0.0022549959498257104
TCTTT 0.3591237375691415 0.005956005405717338 0.004643527972657859
TGAAA -0.0009925065940258851 0.0026806345678714117 0.0026824793533494666
TGAAC 0.09394044392277075 0.0010496324836909185 0.0009834637829593694
TGAAG -0.009778218729078568 0.0011699325090553817 0.001177888945858681
TGAAT 0.20996819262552044 0.0027704972374207695 0.002395250818958259
TGACA -0.10254296336589937 0.0009550995320323645 0.0010254562587475576
TGACC -0.04429852825505033 0.00045935177021138397 0.0004736751268907637
TGACG -0.2789020252619687 0.00025369831319609683 0.00030780484752742005
TGACT 0.05657529856685162 0.0012870116502066062 0.0012375182614779083
TGAGA 0.0907115187713503 0.0013245349512908365 0.0012438171328461366
TGAGC 0.20297626682098377 0.0005631179232812221 0.0004892123429323934
TGAGG -0.048185745213623433 0.00048613879058481864 0.0005026499351846136
TGAGT 0.056972051982243616 0.0013489599899078962 0.001296727652339254
TGATA -0.0262075782977365 0.002054816765239144 0.0020924850685254217
TGATC 0.34852235066797177 0.001647858044896442 0.0012942081037919625
TGATG 0.10203057259678514 0.0020155219778376326 0.0018779035172477795
TGATT 0.29811268417709696 0.004328761019785623 0.0035206491700817046
TGCAA -0.015648045544522017 0.0011041191082982057 0.0011161600064500442
TGCAC -0.08558886454723869 0.0004064219063071623 0.00043126272634469356
TGCAG -0.1448070975688006 0.0004679407947800203 0.0005173473017104795
TGCAT 0.014805077513691832 0.0015519293767454845 0.001536084764331927
TGCCA -0.1277573623497421 0.00046235792881040667 0.0005051694837319049
TGCCC -0.06551950337380959 0.00017816857839565074 0.00018644659249955593
TGCCG -0.23859787270742625 0.00010392719728050009 0.00012261802930150974
TGCCT 0.23775885161524418 0.0006432105773837563 0.0005454822604885656
TGCGA 0.09156243792961419 0.00025369831319609683 0.00023809733771902751
TGCGC 0.023192863006410658 9.260042113061088e-05 9.112367246036855e-05
TGCGG -0.25058667368264853 0.00013130471309302853 0.00015621200993206038
TGCGT 0.12510791686717754 0.00038194318628654867 0.0003502172480734902
TGCTA 0.22915211334978083 0.0010882830942497822 0.0009284536396768427
TGCTC 0.392903652355912 0.000849669255452353 0.0006471040518959812
TGCTG 0.2636048016607328 0.0008398455586019752 0.0006995946466312167
TGCTT 0.33732429348276943 0.0024866299754273376 0.0019681873401923844
TGGAA -0.026895068642125722 0.001290500941437615 0.0013147844169281748
TGGAC -0.335825415036314 0.00040658295051782423 0.0005131480541316607
TGGAG -0.23720834130985904 0.000598869738048171 0.0007058935179994449
TGGAT 0.04996818099468958 0.0015137082174150524 0.0014621780069447156
TGGCA -0.23838073137033006 0.0004641830965312419 0.0005475818842779751
TGGCC -0.2668655977302316 0.00023383619388112523 0.00028134958778086144
TGGCG -0.34286917540450157 0.00014005478187232684 0.0001776281725840364
TGGCT 0.10307713585117681 0.0008596539965133928 0.0008003765885228685
TGGGA -0.028991872342765568 0.0005708480453929948 0.0005824356391821713
TGGGC -0.5773898837252461 0.00018686496577139506 0.00027883003923357015
TGGGG -0.23443644618928972 0.0003012600367449207 0.000354416495652309
TGGGT 0.022264744350177793 0.0007642084609944212 0.0007525051661243338
TGGTA -0.14873586656823246 0.0009765184120504015 0.0010825660258194938
TGGTC -0.25894824779175124 0.0007250210364000177 0.0008675645497839697
TGGTG -0.03044247179936654 0.0010098008822538673 0.001031335205357904
TGGTT 0.20163943297162382 0.002743924942661551 0.0023860124742848578
TGTAA -0.1510698011149049 0.0017036867045925783 0.0018917610342578817
TGTAC -0.21062170270757244 0.0007377435290423103 0.0008537070327738676
TGTAG -0.08401573481633215 0.0010696556472165521 0.0011337968462810833
TGTAT -0.010926384529141731 0.0023280014279253346 0.002345699697528197
TGTCA -0.08242049461184742 0.0011259674395446744 0.001192166387626665
TGTCC 0.006947810540924286 0.0005346130979940601 0.0005320446682363455
TGTCG -0.26649313647957235 0.0003302479946640685 0.00039724882095626104
TGTCT 0.1429835125994911 0.0020109590585355446 0.0018212136749337254
TGTGA 0.12887754312327454 0.0018325220731221239 0.001675919708706594
TGTGC 0.06005776540714103 0.0006973751135697194 0.0006689401393058391
TGTGG -0.01113818973859004 0.0010100692892716374 0.0010178976131056837
TGTGT 0.1385445663469553 0.0028234271013249912 0.00256490042114254
TGTTA 0.1116994855863389 0.002627543659756528 0.002431784272893983
TGTTC 0.3295646958484111 0.0021271256158263514 0.0016927166990218692
TGTTG 0.2886156540294074 0.002850321484505534 0.0023335218795496222
TGTTT 0.2803366277249692 0.006783880011326776 0.005585839129344804
TTAAA -0.4138202525342117 0.002831210904840318 0.0037717641752950705
TTAAC 0.01546570862255603 0.001581078378875294 0.0015642197231100132
TTAAG -0.04031290723915373 0.0016031951171395326 0.0016486245994442716
TTAAT -0.18046120714226685 0.0031707994637227787 0.0035932961531952704
TTACA -0.033498950751081294 0.0017330504323366039 0.0017737621772930727
TTACC 0.16353197952246568 0.000873396435823211 0.0007798002753866562
TTACG -0.22109230880086708 0.0004650956803916595 0.0005421228624255106
TTACT 0.2609444498466115 0.002524958497564877 0.0021071824350512875
TTAGA -0.03705013772176274 0.0017959113558983113 0.0018426298375857015
TTAGC 0.11955587295440902 0.0010022854857563105 0.0009225746930664963
TTAGG 0.0919939587239081 0.0010513502886046458 0.0009864032562645424
TTAGT 0.033683510332293505 0.0023478098658367523 0.0022936290275508433
TTATA -0.1694082405109192 0.003053666641168 0.003434144669958037
TTATC 0.19713302444579778 0.0021143494417805047 0.0018443095366172289
TTATG 0.15943708698596204 0.0026620071208381816 0.0023834929257375665
TTATT -0.04513025998676818 0.0045351123350471124 0.0046792215770778195
TTCAA 0.06860432892493777 0.0024106171079949054 0.002298668124645426
TTCAC 0.15809568039565666 0.0013288294635751547 0.0011909066133530195
TTCAG 0.171006650896975 0.0011828697273118902 0.0010506517442204705
TTCAT 0.23639029522989186 0.0033297500996461054 0.0028265135453029526
TTCCA 0.17716063562292647 0.0013412835491996775 0.0011862874410163188
TTCCC 0.29056964704892896 0.0007750521045123246 0.0006336664596437611
TTCCG 0.18729927612085542 0.0004111995512234663 0.00036113529177841914
TTCCT 0.3960302463057172 0.0020688276115667322 0.001572198293509769
TTCGA 0.45686575055908185 0.000911241825328765 0.0006639010422112566
TTCGC 0.41855323830622027 0.00032160528869187816 0.0002406168862663188
TTCGG -0.1453440105983889 0.0003804401069870373 0.0004207646073976465
TTCGT 0.3449966517293972 0.0011627392009791488 0.0009154359721825043
TTCTA 0.229599933730715 0.002384527945867673 0.002033695602421958
TTCTC 0.5804525086743045 0.0030523246060791503 0.002041254248063832
TTCTG 0.5326365371134926 0.0026290467390560394 0.0018174343521127885
TTCTT 0.392970129195474 0.006706686153016157 0.00510754483011734
TTGAA 0.17534210271408218 0.003117815918415003 0.002761005283073379
TTGAC -0.014064952231804215 0.0012704240965084274 0.0012828701353291517
TTGAG 0.1377420403140533 0.0016507031592848027 0.001500391159911967
TTGAT 0.2544237520790311 0.004430057828291979 0.003713814558707371
TTGCA 0.043382214117483414 0.00143930579208924 0.0013966697447151419
TTGCC 0.11847246401691834 0.0006003728173476823 0.0005530409061304395
TTGCG 0.2188185552627945 0.00038167477926877877 0.00032796123590575043
TTGCT 0.3652085395685018 0.0024139990364188063 0.0018741241944268427
TTGGA 0.011529780174425026 0.0016792079845719646 0.0016658415145174288
TTGGC -0.06687442404480341 0.0007629201073091257 0.0007991168142492228
TTGGG 0.012989886975167815 0.0008775299038968673 0.0008696641735733791
TTGGT 0.0863352422223756 0.0027279815658060196 0.0025695195934792403
TTGTA -0.04140784997871976 0.002364612145149147 0.0024334639719255104
TTGTC 0.06667956627388383 0.0017402437404128368 0.00166164226693861
TTGTG 0.20604036995297442 0.0028109193342969146 0.0024368233699885652
TTGTT 0.2811526826332623 0.00651778129390971 0.005363698932425288
TTTAA -0.2143582287849364 0.0035474281910574832 0.0041156825520003324
TTTAC 0.08779950887679355 0.0022371724931120047 0.0021050828112618783
TTTAG 0.0638272648810699 0.002528179381778116 0.0024187666053996446
TTTAT -0.00978462700881052 0.005053835737589195 0.005088228291254773
TTTCA 0.18340838208324703 0.003537282405785782 0.0031150018539678062
TTTCC 0.3440110130556351 0.0021618574839257746 0.0017032148179689163
TTTCG 0.45810128519821985 0.0012858306593284189 0.0009360122853187166
TTTCT 0.42988127757043465 0.00671361105407462 0.004983667026542184
TTTGA 0.2187953602998656 0.0045487474115498226 0.003908659646364564
TTTGC 0.24820348049301338 0.002154127361814002 0.0018136550292918515
TTTGG 0.0838895429660973 0.0030126540488527613 0.002842470686102464
TTTGT 0.20063764055367972 0.006189090059948708 0.005385535019835146
TTTTA -0.03012195869900494 0.00523313162545948 0.005343542544046957
TTTTC 0.3275990391212383 0.005464713200391338 0.004354619739235124
TTTTG 0.20284941739026027 0.006904233718094793 0.0059986251663426944
TTTTT 0.12552026277016012 0.012306300720538638 0.011280858695738898
