# kmer, imeter, prox, dist
AAAAA 0.21769177600735667 0.0045631078774070475 0.003923999846824346
AAAAC -0.16890102356095485 0.0017944962682114622 0.0020173759258429605
AAAAG -0.029993805983844875 0.0017113643342524252 0.0017473162348923628
AAAAT 0.09392372330024501 0.0034873647415591255 0.003267559573941417
AAACA -0.32271195125025226 0.0015719492966799731 0.001966004515678354
AAACC -0.18213763193824908 0.0009528351569324078 0.0010810521966064584
AAACG 0.12344979332609986 0.0005103266567916006 0.0004684747233890464
AAACT -0.2779526536227033 0.0018931408597035254 0.0022953822295717612
AAAGA -0.08871411500165359 0.0016401652137803312 0.0017441876471844086
AAAGC -0.20072469585065286 0.0007414254779887322 0.0008521021481383776
AAAGG 0.08906532102563171 0.0006879266975222706 0.0006467416509882708
AAAGT 0.10432343223814385 0.0019249616956687069 0.0017906784605246065
AAATA -0.2150970947916627 0.002107732622243719 0.0024466181593742623
AAATC 0.19581466991660731 0.0020403122260424906 0.0017813552691549033
AAATG -0.17034069641084357 0.0018406364803609755 0.002071312777928089
AAATT 0.34977871542234634 0.004321070643846884 0.00339076335788065
AACAA -0.1804570410306738 0.0016212715924260046 0.0018372944173731226
AACAC -0.4031511404509519 0.0006207051815458244 0.0008208162710588368
AACAG -0.3463993528556105 0.000504360250048129 0.0006412353366222716
AACAT -0.5088702929093015 0.0013663071442549866 0.0019441669734768345
AACCA -0.47256380754226945 0.0007561426146226287 0.0010492031737394858
AACCC 0.218544461938696 0.0004958084003824864 0.0004261136458233479
AACCG -0.429282875456877 0.000232292102545826 0.00031279619904125055
AACCT -0.4154334481019858 0.0007145766476431102 0.0009530303875969769
AACGA 0.3802276423698392 0.0005061501720711705 0.00038888345209869417
AACGC -0.08141253573856058 0.00015890529960112582 0.00016813030342545314
AACGG 0.042838716886758846 0.00018853845309370123 0.00018302238091531464
AACGT -0.13386977865397467 0.0004369398538469004 0.00047942478036688574
AACTA -0.4146871384304463 0.0011334184010348136 0.0015108575759251923
AACTC -0.28491365753865505 0.0009102747888289774 0.0011090217707155682
AACTG -0.5599432294151777 0.0007459997231587271 0.0010997611511000239
AACTT -0.2993210300506431 0.0020486651954833507 0.0025210159750694108
AAGAA -0.04745833090103064 0.001818163014960566 0.0018789672056430712
AAGAC -0.36211218443991255 0.0004898419936390149 0.0006295969903486824
AAGAG -0.1049781182770371 0.000793929857331282 0.000853854157254832
AAGAT 0.037147658197711 0.0016926695931228808 0.001649641726650036
AAGCA -0.44723755876733706 0.0005753604902954406 0.0007844620818924102
AAGCC -0.4275125283984447 0.0002635162978366605 0.00035440641555704004
AAGCG 0.08152188267658285 0.0001565187369037372 0.00014791962683206967
AAGCT -0.021971985170733854 0.0011912925464464877 0.0012095745796492127
AAGGA -0.0004229876582457895 0.0006342290368310266 0.0006344150154189317
AAGGC -0.29676795036663434 0.00023288874322017315 0.00028607806001532257
AAGGG 0.0032920685807257197 0.0002857908830122876 0.00028513948370293633
AAGGT 0.00016198801069952374 0.0006041981228888864 0.000604130286405936
AAGTA -0.2373863260244287 0.001030995085271885 0.0012153937527860073
AAGTC -0.20034158865647886 0.0006656521123466435 0.0007648145510864584
AAGTG -0.24422078140303166 0.0007573358959713231 0.0008970286676245985
AAGTT 0.10931798957714439 0.0024605461410076705 0.0022809907261151724
AATAA -0.14729079708745538 0.0019514127655647642 0.0021611658169005308
AATAC -0.4183903884463157 0.0007368512328187373 0.0009847542669556314
AATAG -0.23995743508969875 0.0008846192398320496 0.0010446980074400318
AATAT -0.28479760395866643 0.00233545047961955 0.002845137661613455
AATCA 0.006456181300279437 0.0017775914491049594 0.001769654351127155
AATCC 0.13661806061075607 0.000876067390166407 0.0007969138609700674
AATCG 0.9690399802474273 0.0008730841867946713 0.000446011463645936
AATCT 0.2212948844200984 0.0029299034714940996 0.0025132570775536845
AATGA -0.1863728983125881 0.0016159018263568802 0.0018387335677187814
AATGC -0.4210211166284231 0.0006748006026866332 0.0009034735583029839
AATGG -0.04002361676144957 0.0009556194800793611 0.0009825016838059045
AATGT -0.17928603765767234 0.0020206230837890343 0.00228799876258099
AATTA 0.1569868672372861 0.002669967017703522 0.0023946836034222244
AATTC 0.41566432524658664 0.00217952838339016 0.0016339362163561063
AATTG 0.4524196673029521 0.002751110149414735 0.0020105556046396203
AATTT 0.47228322284121665 0.005947513122117231 0.004287103736209498
ACAAA -0.12847437800765954 0.0016628375594055231 0.00181770945832133
ACAAC -0.4393898500974526 0.0005439374147798236 0.0007375958380272578
ACAAG -0.3047574954907278 0.0006614756276262134 0.0008170619658092918
ACAAT -0.22679629835500542 0.001250757733656421 0.0014636784732892445
ACACA -0.3969066243760422 0.0007418232384382971 0.000976745082423269
ACACC -0.46271514913352696 0.00023428090479364985 0.00032287025146086277
ACACG -0.053536237737736296 0.0001984824643328205 0.0002059862146916977
ACACT -0.41682967287291994 0.0006853412546000996 0.000914924189314096
ACAGA -0.20520595712145817 0.0005787414541167411 0.0006672026145982905
ACAGC -0.6897607210136988 0.00015989970072503775 0.0002579207706437357
ACAGG -0.6060597880607145 0.00011654381172247777 0.00017739092304099727
ACAGT -0.4593208943466964 0.0004934218376850978 0.0006784029585927663
ACATA -0.43360884683479944 0.0011437601727234976 0.0015447714666794146
ACATC -0.578013122070707 0.0005578590305145906 0.0008327674761032214
ACATG -0.49074965679147153 0.0008722886658955418 0.0012257180922222559
ACATT -0.4334176178000677 0.0016345965674864245 0.0022074063432240922
ACCAA -0.24761096422260157 0.0008545883258899094 0.0010146009936895135
ACCAC -0.49740499734620125 0.0002810177576175104 0.0003967049213685794
ACCAG -0.5372856062799539 0.0002197626483845357 0.00031892823094884057
ACCAT -0.5898185487658134 0.0006574980231305657 0.0009895722920258807
ACCCA -0.06495878349489503 0.0003269590895422414 0.0003420172082335418
ACCCC -0.5790035576331906 9.944011239119264e-05 0.00014854534437366048
ACCCG -0.4604284209609112 7.617112609165356e-05 0.00010480768821646223
ACCCT 0.040484380728640225 0.00046597636666512865 0.00045308207186591225
ACCGA -0.010556802455247736 0.00022374025288018342 0.0002253834584810131
ACCGC -0.4406372248840288 6.781815665079338e-05 9.204305036800951e-05
ACCGG -0.264214039419989 0.00011535053037378345 0.0001385338637082074
ACCGT -0.2926657373013742 0.00020683543377368068 0.0002533530325901227
ACCTA -0.3262856157626741 0.0004526513916047088 0.0005675258102228731
ACCTC -0.5631928335204177 0.0003182083596518164 0.0004701641607513416
ACCTG -0.7881538409195611 0.0002645106989605724 0.00045677380536129805
ACCTT -0.46305839480227534 0.0008380812672329715 0.0011552622970391296
ACGAA 0.5251092628432509 0.0005431418938806941 0.0003774328210875822
ACGAC 0.20844323000171122 0.00017720228028110527 0.0001533633694439098
ACGAG 0.20261169144739763 0.00024064507198668617 0.0002091148023996518
ACGAT 0.5927073873226363 0.0005304135594946215 0.00035171583012819953
ACGCA -0.14571941868652505 0.00016526946679416214 0.0001828346656528374
ACGCC 0.1040948813795346 7.895544923860695e-05 7.345923938276218e-05
ACGCG 0.5893650359518069 6.364167193036329e-05 4.229850581153938e-05
ACGCT -0.21353766732456575 0.0001726280351111104 0.00020016704155490308
ACGGA 0.31378361702733876 0.00019490262028673755 0.00015680481592265932
ACGGC -0.015279574237645905 7.776216788991263e-05 7.85901232238069e-05
ACGGG 0.04528583579195313 7.438120406861208e-05 7.208266079126238e-05
ACGGT -0.10904731744500619 0.00019609590163543187 0.0002114925290576969
ACGTA -0.08793060062400228 0.00032815237089093565 0.00034877495768272267
ACGTC -0.003563694051740702 0.00018575412994674783 0.00018621354037742782
ACGTG -0.1847843661117723 0.0002213536901827948 0.00025160102347366844
ACGTT 0.016713394460532913 0.0006057891646871455 0.0005988116873024141
ACTAA -0.4195155850022402 0.0011429646518243681 0.0015286905258605306
ACTAC -0.4476528915927048 0.00044847490688427875 0.0006116388969050258
ACTAG -0.2942240743169247 0.0006226939837936482 0.0007635631160032767
ACTAT -0.4041920797294183 0.0010437234196579578 0.0013812089013075745
ACTCA -0.3996798103339607 0.000742817639562209 0.000979936241885382
ACTCC -0.428151488467523 0.00028400096098924615 0.0003821257026495133
ACTCG 0.11397899264286686 0.0003156229167296454 0.00029164694613548084
ACTCT -0.20050001914288207 0.0013454247206528362 0.0015460229017625962
ACTGA -0.4188134702401688 0.0008617480139820753 0.0011520085658228573
ACTGC -0.903214742840253 0.00024681035895494013 0.0004615918304315474
ACTGG -0.4714346371850257 0.00033630646010701344 0.0004662847119934785
ACTGT -0.3364184827124015 0.0009226053627654852 0.0011648983471796283
ACTTA -0.4905714395916427 0.0011714045239682492 0.001645824849646332
ACTTC -0.35395143189950584 0.0009269807277106977 0.0011847335932480571
ACTTG -0.28048261834884536 0.001350396726272396 0.0016401933917720146
ACTTT -0.15234690180990063 0.0026733479815248228 0.002971094602735687
AGAAA 0.017221043550345393 0.0020605980089702935 0.002036147452090685
AGAAC -0.20851220320500072 0.0006738062015627213 0.0007785803370014564
AGAAG -0.03249779121164243 0.0008840225991577024 0.0009041618475987338
AGAAT 0.07046643052808534 0.001588456355336911 0.0015127347285499647
AGACA -0.3544549303120294 0.0005250437934254971 0.0006712697786186309
AGACC -0.41773507920309083 0.00022732009692626634 0.0003036607229340246
AGACG 0.04463246410015814 0.00017302579556067516 0.00016775487290049865
AGACT -0.3364786714546426 0.000642184245822322 0.0008108673621475427
AGAGA 0.12487495669430078 0.0011566873873343527 0.001060778948258916
AGAGC -0.0841710941230136 0.00034565383067178555 0.0003664201923555838
AGAGG -0.10027330936566428 0.00033113557426267147 0.0003549695613444718
AGAGT -0.055191357963081354 0.000876067390166407 0.0009102313077521647
AGATA -0.23822595150319453 0.0010986143616978962 0.0012958610286345868
AGATC 0.6379027073579673 0.0011948723904925706 0.0007678805670402534
AGATG -0.10965881376403627 0.0009104736690537597 0.0009823765402975863
AGATT 0.4393801274504033 0.002831059999777254 0.0020877691492719275
AGCAA -0.22461087245756822 0.0006304503125601613 0.0007366572617148715
AGCAC -0.6704855361051297 0.0001656672272437269 0.0002636773720263712
AGCAG -0.4307582976252266 0.00024899804142754635 0.00033563488930931544
AGCAT -0.6232828789533653 0.0005449318159037357 0.000839400082044084
AGCCA -0.3957919508275409 0.00028340432031489897 0.0003728650830339692
AGCCC -0.24209095690451665 0.00010321883666205795 0.00012207749236436884
AGCCG -0.08710006892574902 8.034761081208365e-05 8.534787267298775e-05
AGCCT -0.6470014194199071 0.00027843231469533935 0.0004359999829804829
AGCGA 0.41621944530889426 0.00019530038073630233 0.00014635533297809264
AGCGC -0.31275711931173356 4.196372742908329e-05 5.212227121451524e-05
AGCGG -0.17441521299567916 6.065846855862751e-05 6.845349905003563e-05
AGCGT -0.07449516709711766 0.0001714347537624161 0.00018051951074895135
AGCTA -0.20002765488184418 0.0007638989433891418 0.000877506280326965
AGCTC 0.22530942245171456 0.0006755961235857627 0.0005779127214132807
AGCTG -0.12461041834153583 0.0005853045015345598 0.0006381067489143175
AGCTT 0.11625176065208069 0.0016701961277224714 0.0015408920179215515
AGGAA 0.031184632230538765 0.0007561426146226287 0.0007399735646853029
AGGAC -0.23857421826188968 0.00020126678747977387 0.0002374598070337159
AGGAG -0.0242849542515327 0.0003303400533635419 0.0003359477480801109
AGGAT 0.11907690318773212 0.0007237251379830999 0.0006663891817942226
AGGCA -0.42103810977029416 0.00021399512186584654 0.00028651606229443616
AGGCC -0.537781596539417 9.486586722119777e-05 0.00013772043090413933
AGGCG -0.09383912528087901 7.000583912339961e-05 7.471067446594382e-05
AGGCT -0.27933474065063113 0.0003585810452826406 0.0004351865501764148
AGGGA 0.04974548398265295 0.00031502627605529824 0.00030434901222977447
AGGGC 0.09379368590619534 0.00011952701509421354 0.00011200343994475666
AGGGG -0.09806394589366906 0.00011972589531899593 0.00012814695251779979
AGGGT 1.072776618732986 0.0007837869658673803 0.0003726147960173329
AGGTA -0.14468305277635196 0.0003116453122339977 0.00034452007839990507
AGGTC 0.005046451796077358 0.00029712705582488356 0.0002960895406807757
AGGTG -0.11729736565080638 0.000296331534925754 0.00032143110111520384
AGGTT 0.3440974001115267 0.0011763765295878087 0.0009267502508501624
AGTAA -0.2372199842761755 0.0010315917259462323 0.001215956898573439
AGTAC -0.42650516175693237 0.00036375193112698264 0.0004888731152449071
AGTAG -0.1791176360911965 0.0006797726083061928 0.0007696325761567078
AGTAT -0.30616650086640357 0.0010691800884301032 0.001321953450118924
AGTCA -0.2966933455394823 0.0006224951035688659 0.0007646268358239811
AGTCC -0.4759737570971967 0.00023965067086277424 0.0003333197344054294
AGTCG 0.1602761743561036 0.00023109882119713167 0.00020679964749576577
AGTCT -0.18715771051756552 0.000999373129531486 0.0011378047776287458
AGTGA -0.01493199559672751 0.0009544261987306669 0.0009643558750997707
AGTGC -0.5609780351916822 0.00022513241445366012 0.0003321308710764069
AGTGG -0.1023109169938549 0.000453248032279056 0.00048655796034102104
AGTGT -0.03836428076860874 0.0011010009243952847 0.0011306715976546105
AGTTA -0.21371648753388992 0.0013551698516671732 0.0015715521774595017
AGTTC -0.04249276965691298 0.0010095160209953875 0.0010396922671073053
AGTTG -0.11059441797800344 0.0012195335383655863 0.001316697422769561
AGTTT 0.13980308209793998 0.003702354264548884 0.003360416057113495
ATAAA -0.05095554158528237 0.002297265476461332 0.002379854097686522
ATAAC -0.46437548533091455 0.0008959554126446456 0.0012361675751668226
ATAAG -0.2368810853431789 0.0009834627115488952 0.0011589540305345155
ATAAT -0.1139830151829407 0.00229209459061699 0.002480532050128485
ATACA -0.3724668433218564 0.0010439222998827402 0.0013514247463278515
ATACC -0.5913638222849273 0.0003711104994439309 0.0005591411951655561
ATACG 0.028075877667355812 0.000324174766395288 0.0003179270828822953
ATACT -0.4954219853729597 0.0010689812082053207 0.0015069781271673291
ATAGA -0.0380464776539591 0.001279197605800302 0.0013133811197991296
ATAGC -0.2885885537763065 0.0004950128794833569 0.0006046308604392087
ATAGG -0.08955954755105797 0.0004617998819446986 0.0004913759854112703
ATAGT -0.2184111563500792 0.0012543375777025038 0.0014593610222522677
ATATA -0.12269622029586595 0.0033572970745514457 0.003655316734465248
ATATC -0.4028849255693894 0.0012953069040076751 0.0017125889113340724
ATATG -0.31901552668890376 0.0018028492376523223 0.0022490165597398816
ATATT -0.2909606867489454 0.002936864279361483 0.0035931204108311204
ATCAA -0.002285114809054042 0.00178097241292626 0.0017837955675671076
ATCAC -0.22851074276087102 0.0007362545921443903 0.0008626142028371035
ATCAG -0.05276477056898328 0.0007537560519252401 0.0007818340682177287
ATCAT -0.18029285256579597 0.0019520094062391114 0.002211848937769387
ATCCA -0.03058516116083866 0.0008470308773481788 0.0008651796447576258
ATCCC -0.1014875818735495 0.0003394885437035316 0.0003642301809600159
ATCCG 0.5274732802515619 0.000343267267974397 0.00023814809632946582
ATCCT -0.24022660080524236 0.0008677144207255469 0.0010249253331257619
ATCGA 0.9723751273144987 0.0009434877863676356 0.0004808639307125446
ATCGC 0.6790465829499477 0.00028181327851663993 0.00017601434444949746
ATCGG 0.8364033922611706 0.0003607687277552469 0.00020204419417967553
ATCGT 0.6096291182942551 0.000778417199798256 0.000510147511658995
ATCTA -0.011101195797905961 0.00161172534163645 0.0016241750227072897
ATCTC 0.2764757691564515 0.0019201885702739296 0.0015853179633744997
ATCTG 0.2794937571204272 0.0017575045464019385 0.0014479729629953148
ATCTT -0.05479181857491474 0.0032081369059646565 0.003332321339496067
ATGAA -0.07401710173329722 0.0019366956289308677 0.0020386503222570482
ATGAC -0.515665031095293 0.0005439374147798236 0.0007776417606890701
ATGAG -0.17796027466573544 0.0008529972840916504 0.0009649815926413615
ATGAT -0.01618437387754899 0.002474268876517655 0.002502181877067527
ATGCA -0.4510587369651037 0.0008368879858842771 0.0011440619530446539
ATGCC -0.5866110705422678 0.0002647095791853548 0.0003975183541726475
ATGCG 0.09382087567654156 0.0002476058798540697 0.00023201606442187578
ATGCT -0.44957987929653126 0.0010119025836927763 0.0013818971906033243
ATGGA -0.014310423497808682 0.0010023563329032217 0.0010123484105397866
ATGGC -0.39282217827782584 0.000342272866850485 0.0004493903383705264
ATGGG 0.1645281492474409 0.00048467110779467287 0.0004324333929934152
ATGGT -0.23744224877196993 0.0011157180610291812 0.0013153208441780613
ATGTA -0.14429974631469253 0.0015242180427322005 0.0016845567654708037
ATGTC -0.350234019025151 0.0008452409553251374 0.0010774856066193908
ATGTG -0.132332333494745 0.0015009490564326616 0.001645136560350582
ATGTT -0.14522803450623564 0.003145489635158205 0.0034786141007200006
ATTAA -0.03247093866923403 0.0022220887514935905 0.0022726686828120147
ATTAC -0.10512372070883029 0.0012008387972360422 0.001291606149351769
ATTAG 0.2819704745073403 0.0018571435390179135 0.001527439090777349
ATTAT -0.12759100181658423 0.002768014968521238 0.0030239677350001114
ATTCA 0.10204657251312638 0.002080486031448532 0.001938410372094199
ATTCC 0.03818898894937787 0.0009172355966963608 0.0008932743623750536
ATTCG 0.942294852660584 0.0010526730297731651 0.0005478157076627623
ATTCT 0.06724586998098803 0.0029167773766584624 0.002783942486045873
ATTGA 0.36651932812237614 0.0029680884746523177 0.0023022025507751015
ATTGC -0.05343812164147005 0.0010144880266149472 0.0010527697637265534
ATTGG 0.29740290221987803 0.0015144729117178637 0.0012323506981631186
ATTGT 0.06342306839164842 0.0028927128694597936 0.0027682995475061026
ATTTA 0.0337567619006708 0.0032127111511346513 0.003138411473357072
ATTTC 0.27132479117518965 0.0033298516035314765 0.0027589763561363992
ATTTG 0.323453782981375 0.004306751267662553 0.0034417593375203016
ATTTT 0.2437221956131525 0.007473521086872473 0.00631186312904323
CAAAA 0.021611087036272642 0.0021771418206927716 0.002144772017310851
CAAAC -0.34864364273292753 0.0008030783476712717 0.001022610178221876
CAAAG -0.05123607852949107 0.0008901878861259564 0.0009223702280590267
CAAAT 0.00325123046799887 0.001947236280844334 0.0019428529666394938
CAACA -0.3255191279834731 0.0006996606307844314 0.000876755419277056
CAACC -0.46752132347552416 0.0002820121587414223 0.00038994717191939856
CAACG 0.1382492161162713 0.00022195033085714195 0.00020166876365472106
CAACT -0.4532984847298196 0.0007535571717004577 0.001031745654329102
CAAGA -0.3179672316553923 0.0007251172995565767 0.0009039115605820975
CAAGC -0.3484953466412757 0.0003223848443722465 0.00041047070728357743
CAAGG -0.19706260743655762 0.00027346030907577973 0.00031348448833700044
CAAGT -0.2012945402468544 0.0008981430951172519 0.001032621658887329
CAATA -0.32420204128391955 0.0009804795081771592 0.0012275326730928693
CAATC 0.10290536870317331 0.0009997708899810507 0.0009309425583788209
CAATG -0.23615061679619462 0.0009241964045637443 0.0010885608071055483
CAATT 0.44799988410115255 0.0024698935115724423 0.0018105762783471946
CACAA -0.29694610880960887 0.0007523638903517634 0.0009243099524379583
CACAC -0.3127716190913133 0.0004275924832821283 0.0005311090493022874
CACAG -0.3983248295865561 0.0002482025205284168 0.0003271251307436803
CACAT -0.44289548471314527 0.0008239607712734221 0.0011200343994475664
CACCA -0.29317034559976135 0.0003963682879912938 0.0004856819557827939
CACCC -0.7379402363900053 0.00010242331576292841 0.00017082088885429366
CACCG 0.11535437531256108 0.00012390238003942602 0.00011438116660280176
CACCT -0.5542090051475453 0.0003082643484126972 0.00045264406958679866
CACGA 0.37951623103991367 0.000240048431312339 0.0001845241030151326
CACGC -0.021667336009171555 9.745131014336878e-05 9.892594332550853e-05
CACGG -0.07813362087888165 9.347370564772107e-05 9.86756563088722e-05
CACGT -0.038511668757011 0.0002482025205284168 0.0002549173264440998
CACTA -0.3899082568898399 0.0005662119999554509 0.0007419132890642344
CACTC -0.21312229538435376 0.0004928251970107507 0.0005712801154724179
CACTG -0.2666583071038834 0.0005065479325207352 0.0006093863137552989
CACTT -0.35718982127561577 0.0010453144614562169 0.0013389729672501941
CAGAA -0.19479392536633192 0.0006893188590957473 0.000788967248191864
CAGAC -0.5007946917520133 0.00019589702141064948 0.00027719287092473294
CAGAG -0.09598792541008773 0.0004116820652995375 0.00044000457524666413
CAGAT 0.27706457694491643 0.0009106725492785421 0.000751549339204733
CAGCA -0.7028415578641787 0.0001970903027593438 0.00032080538357361305
CAGCC -0.6194704619608246 9.864459149206309e-05 0.00015154878857329642
CAGCG -0.0974664892406917 6.801703687557576e-05 7.277095008701229e-05
CAGCT -0.18694543678345474 0.00046617524688991106 0.0005306710470231738
CAGGA -0.34384626136194874 0.0001996757456815148 0.0002534156043442818
CAGGC -0.7195331104864372 7.656888654121833e-05 0.0001260820846305501
CAGGG -0.2766956365105405 9.7053549693804e-05 0.00011757232606491494
CAGGT -0.327882052493515 0.000188936213543266 0.0002371469482629205
CAGTA -0.5874151241146485 0.00038403771405478594 0.0005770367168550536
CAGTC -0.5733085994003115 0.00025933981311623036 0.00038588000789905826
CAGTG -0.14374335451125056 0.0004262003217086516 0.0004708524500470915
CAGTT -0.3598988969408561 0.0009062971843333297 0.0011630837663090148
CATAA -0.3100459733949276 0.0011356060835074199 0.0014078644685793433
CATAC -0.6612539912832321 0.00045682787632513896 0.0007224534735207599
CATAG -0.25257286183681243 0.0006187163792980005 0.0007370952639939851
CATAT -0.4628272550423138 0.0015454982267839158 0.002130067655083467
CATCA -0.30587059942248784 0.0009448799479411124 0.0011680269348875822
CATCC -0.5676962099052869 0.00029653041515053643 0.00043950400121339143
CATCG 0.5374555905903593 0.0003738948225908843 0.0002576079118729403
CATCT -0.3393508570875442 0.0012223178615125398 0.00154646090404171
CATGA -0.309794720398046 0.0009476642710880657 0.001174659540828445
CATGC -0.5894686774893454 0.00041068766417562554 0.0006179586440750931
CATGG -0.27651292928758453 0.0005115199381402949 0.0006195855096832293
CATGT -0.3038804652127338 0.001305052035022012 0.0016110349543338824
CATTA -0.3987574975799711 0.0012129704909477677 0.0015991463210436568
CATTC -0.5210386546327067 0.0008539916852155623 0.0012254678052056195
CATTG -0.22570636101456998 0.0013408504754828415 0.001567923015718275
CATTT -0.2568020223465824 0.00282907119752943 0.003380251303181924
CCAAA -0.07821390322836044 0.0010673901664070616 0.0011268547206509064
CCAAC -0.40579409441527936 0.0003263624488678942 0.00043237082123925613
CCAAG -0.29711654307903235 0.00035281351876395144 0.0004334971128141196
CCAAT 0.09481877927852764 0.000896154292869428 0.0008391497950274477
CCACA -0.3367262528864172 0.00035500120123655766 0.000448326618549822
CCACC -0.41835681142592895 0.00017103699331285133 0.00022857461794312627
CCACG 0.09040432457749029 0.00010878748295596473 0.00010217967454178079
CCACT -0.3604973201581078 0.00041406862799692613 0.0005316096233355601
CCAGA 0.013867801825960192 0.00030766770773835 0.00030472444275472896
CCAGC -0.5207628869728677 0.00011077628520378859 0.0001589322555640681
CCAGG -0.5884804022548917 7.298904249513538e-05 0.0001097508567950297
CCAGT -0.5673415895558599 0.0002645106989605724 0.0003919494680524892
CCATA -0.4720166012638626 0.0005387665289354817 0.0007472944599219155
CCATC -0.3476360700517937 0.00043375777025038225 0.0005519454434372617
CCATG -0.41328184184049227 0.0004614021214951338 0.0006144546258421846
CCATT -0.2989680475099929 0.001064406963035326 0.0013095016710412666
CCCAA 0.05566967439961944 0.0004345532911495118 0.0004181044612909854
CCCAC -0.2991939961823227 0.00016745714926676839 0.00020604878644585678
CCCAG -0.04022080849305997 0.00011415724902508914 0.0001173846108024377
CCCAT -0.3193422724516029 0.00035022807584178046 0.00043700113104702817
CCCCA -0.13375604482832515 0.00017879332207936435 0.00019616244928872184
CCCCC -0.17677238620721536 9.327482542293869e-05 0.00010543340575805304
CCCCG 0.0013605044281649401 4.5344691250383835e-05 4.5301950011175316e-05
CCCCT -0.405422008276811 0.000191521656465437 0.00025366589136091816
CCCGA 0.3919208991925866 0.0001229079789155141 9.366991597614564e-05
CCCGC -0.08771730350657733 4.6339092374295765e-05 4.9243970523197475e-05
CCCGG 0.1587612792834952 5.7277504737326954e-05 5.130883841044718e-05
CCCGT -0.43179997443345275 8.233641305990749e-05 0.00011106486363237042
CCCTA 0.1841911321375132 0.00037807130731131437 0.0003327565886179977
CCCTC -0.199724334513055 0.0002724659079518678 0.0003129213425495687
CCCTG -0.5649609011580213 0.0001781966814050172 0.0002636148002722122
CCCTT -0.32239625286334017 0.0005811280168141297 0.0007266457810494184
CCGAA 0.2993337613658311 0.0002579476515427537 0.00020961537643292445
CCGAC 0.44031716715729696 0.00011674269194726015 8.603616196873764e-05
CCGAG 0.15238870793584106 0.0001376251155494106 0.00012382950148082315
CCGAT 1.1335341092639162 0.00045961219947209236 0.00020949023292460628
CCGCA -0.4853165010140866 7.477896451817686e-05 0.00010468254470814407
CCGCC 0.3947326742979633 7.000583912339961e-05 5.324856278937872e-05
CCGCG 0.6044698953220028 4.395252967690714e-05 2.890815042149585e-05
CCGCT -0.17153735589970687 0.00010600315980901134 0.00011938690693552832
CCGGA 0.47773770468597393 0.0001563198566789548 0.00011225372696139298
CCGGC 0.5739889947984755 7.358568316948254e-05 4.943168578567472e-05
CCGGG -0.04249005635272293 5.0913337544290626e-05 5.243512998531066e-05
CCGGT 0.1318918742384246 0.000186350770621095 0.00017007002780438467
CCGTA 0.02058312097326152 0.00017441795713415186 0.00017194718042915714
CCGTC 0.16811804912840408 0.00013941503757245206 0.00012407978849745947
CCGTG 0.07215226031699215 0.0001445859234167941 0.00013753271564166208
CCGTT 0.17599069101520412 0.0003911974021469518 0.0003462720875163594
CCTAA -0.08829374596584762 0.0006905121404444416 0.0007340918197943491
CCTAC -0.4890112707782825 0.00020842647557193974 0.00029252295069370803
CCTAG -0.1500308007659976 0.00032318036527137603 0.00035859872308569853
CCTAT -0.5008467409098849 0.00046040772037122185 0.0006514971043043611
CCTCA -0.38607842290693295 0.0004011414133860711 0.0005242261563447884
CCTCC -0.0948258393786508 0.00028240991919098706 0.0003015958550467749
CCTCG 0.3581703826191038 0.00019072613556630745 0.00014879563139029683
CCTCT -0.07072750001053124 0.0009381180202985113 0.000985254840988904
CCTGA -0.44378738605518386 0.0004061134190056307 0.0005523834457163753
CCTGC -0.7655516915832535 0.00016367842499590305 0.0002782565907454373
CCTGG -0.45006790195633 0.00016686050859242123 0.00022794890040153546
CCTGT -0.6346567738573088 0.000377872427086532 0.0005866727669955521
CCTTA -0.39669853654716636 0.0006978707087613899 0.0009187410663177999
CCTTC -0.15959242201113252 0.000675198363136198 0.0007541773528794145
CCTTG -0.4106510405255628 0.0006336323961566795 0.0008422783827354019
CCTTT -0.1889029369531417 0.0017280702731341455 0.001969821392682058
CGAAA 0.5412818001946794 0.0007151732883174574 0.0004914385571654294
CGAAC 0.29137603220162933 0.00021081303826932837 0.00017226003919995254
CGAAG 0.5496152590524064 0.0002666983814331786 0.00018220894811124658
CGAAT 1.035539633452394 0.000873481947244236 0.0004261136458233479
CGACA 0.1153921174870962 0.00018714629152022453 0.0001727606132332252
CGACC 0.3570426749239305 0.00011893037441986638 9.285648317207758e-05
CGACG 1.1639630468347497 0.00011833373374551923 5.2810560510265146e-05
CGACT 0.08205121735783641 0.00022016040883410048 0.00020798851082478833
CGAGA 0.7323096025213365 0.000380457870008703 0.00022901262022223984
CGAGC 0.24865528740193218 0.00013165870880593904 0.0001108145766157341
CGAGG 0.28625786837056066 0.0001243001404889908 0.00010192938752514445
CGAGT 0.38344446359635753 0.0003607687277552469 0.0002765671533831421
CGATA 0.13598649301925544 0.0003645474520261122 0.0003317554405514524
CGATC 1.3726415221207295 0.0005823212981628241 0.00022488288444774045
CGATG 0.6300748371454867 0.0004220238369882215 0.00027268770462527905
CGATT 1.4573785639828853 0.0015663806503860662 0.0005704041109141909
CGCAA 0.0062807456671320335 0.00017879332207936435 0.00017801664058258808
CGCAC -0.0979138113247721 7.279016227035301e-05 7.7901833928057e-05
CGCAG -0.1279833562019795 7.81599283394774e-05 8.541044442714683e-05
CGCAT 0.05192507028946125 0.0002227458517562715 0.00021487140378228733
CGCCA 0.2261131258269029 0.00012032253599334308 0.00010286796383753069
CGCCC 0.15954343980191535 3.221859641474641e-05 2.8845578667336768e-05
CGCCG 1.6804399364291185 9.506474744598016e-05 2.9659011471404835e-05
CGCCT 0.1618771954727597 0.00013265310992985097 0.00011857347413146025
CGCGA 1.0952368681413946 8.889946047772621e-05 4.161021651578948e-05
CGCGC 0.7946055748439461 3.440627888735265e-05 1.983524606842897e-05
CGCGG 0.3215848914586936 3.440627888735265e-05 2.7531571829996048e-05
CGCGT 0.7972141105288865 9.30759451981563e-05 5.356142156017413e-05
CGCTA -0.023649969424389468 0.0001541321742063486 0.00015667967241434115
CGCTC 0.20998117044612152 0.00014279600139375262 0.00012345407095586865
CGCTG 0.19355672481929218 0.00015234225218330711 0.00013321526460468542
CGCTT 0.3756198073621417 0.00041247758619866704 0.0003179270828822953
CGGAA 0.6051987832772069 0.0002957348942514069 0.00019441044017226754
CGGAC -0.07007692108343488 6.0260708109062735e-05 6.326004345483183e-05
CGGAG 0.7507785375386018 0.0001539332939815662 9.147990458057778e-05
CGGAT 0.713464059031376 0.00038085563045826777 0.00023226635143851212
CGGCA 0.08709627831128919 7.676776676600071e-05 7.227037605373963e-05
CGGCC 0.29984569652223614 4.8526774846902e-05 3.9420205120221615e-05
CGGCG 1.443478295073785 8.372857463338419e-05 3.078530304626831e-05
CGGCT 0.1879076249430117 0.0001431937618433174 0.0001257066541055956
CGGGA 0.4838918062092013 0.00011375948857552436 8.134328040680651e-05
CGGGC -0.2172718325330857 2.8042111694316323e-05 3.259988391688168e-05
CGGGG -0.010582524086097021 4.3355889002559984e-05 4.367508440303918e-05
CGGGT 0.10518023907865114 0.00013245422970506858 0.00012314121218507323
CGGTA -0.07105170703488191 0.0001431937618433174 0.00015042249699843296
CGGTC 0.08586947454425571 0.00011415724902508914 0.00010756084539946183
CGGTG 0.45124559627837574 0.0001929138180389137 0.00014109930562872973
CGGTT -0.032076573689384685 0.0004719427734086002 0.0004825533680748398
CGTAA 0.2231390179957876 0.00040273245518433016 0.00034502065243317777
CGTAC -0.03435956788410139 0.00016765602949155077 0.00017169689341252082
CGTAG 0.28767045789021056 0.0002480036403036344 0.00020317048575453902
CGTAT 0.21715046724797324 0.00047154501295903546 0.00040565268221332815
CGTCA 0.2240819715521726 0.0002553622086205827 0.00021862570903183226
CGTCC -0.012726772193497002 0.00011455500947465391 0.00011557002993182432
CGTCG 1.2454253200733933 0.00018217428590066489 7.683811410735261e-05
CGTCT 0.4395132625897901 0.0004912341552124916 0.0003622278848269253
CGTGA 0.34621745834671275 0.00033590869965744873 0.00026424051781380296
CGTGC -0.006372167202505758 0.00011674269194726015 0.00011725946729411953
CGTGG 0.1628926416106793 0.00017302579556067516 0.00015455223277293235
CGTGT 0.3761039325494015 0.0004526513916047088 0.00034877495768272267
CGTTA 0.26674494566822626 0.0005298169188202743 0.0004403800057716186
CGTTC 0.29459246326853356 0.0003601720870808997 0.00029364924226857146
CGTTG 0.5508587957984521 0.000601413799741933 0.00041053327903773653
CGTTT 0.4838317733343131 0.0015293889285765427 0.001093629119192434
CTAAA -0.18252836848585383 0.0014426771505714226 0.0016372525193265378
CTAAC -0.6827683976549326 0.0005552735875924196 0.0008913346379961221
CTAAG -0.24814181055617124 0.0006177219781740886 0.0007336538175152356
CTAAT -0.05992716286464383 0.001725683710436757 0.0017988753603194463
CTACA -0.3131465836826361 0.0005685985626528395 0.0007064351044560349
CTACC -0.5262754701029708 0.0002255301749032249 0.0003248099758397943
CTACG 0.1062179849772097 0.00018973173444239555 0.00017626463146613378
CTACT -0.3284337302627985 0.0008396723090312306 0.0010543340575805305
CTAGA -0.04366393683545328 0.0007714563919308724 0.0007951618518536131
CTAGC -0.3099727024126365 0.0003428695075248322 0.00042504992600264353
CTAGG 0.391774103529115 0.0004739315756564241 0.00036122673676037995
CTAGT -0.21856983777496822 0.0008617480139820753 0.0010027123603992879
CTATA -0.3107474253022826 0.0011354072032826374 0.001408302470858457
CTATC -0.22007837492444274 0.0007400333164152555 0.0008619884852955126
CTATG -0.15860081108949317 0.0009323504937798221 0.0010406934151738507
CTATT -0.21178917322839957 0.0015287922879021955 0.0017705303556853822
CTCAA 0.033731778917133526 0.0012256988253338404 0.0011973730875881917
CTCAC -0.21557361836824915 0.0005574612700650259 0.0006473047967757025
CTCAG -0.12141855050384645 0.0004751248570051184 0.0005168426893540167
CTCAT -0.35884526044625903 0.0011877127024004048 0.0015231216397403723
CTCCA -0.008727773382438546 0.0005934585907506376 0.0005970596781859598
CTCCC -0.17030754162279008 0.00025933981311623036 0.0002918346613979581
CTCCG 1.0670888222626882 0.0002923539304301063 0.0001395350117747527
CTCCT 0.007682659244691298 0.0008038738685704012 0.000799604446398908
CTCGA 0.9346537659105626 0.0006087723680588813 0.00031849022866972703
CTCGC 0.4179322282921564 0.0002088242360215045 0.00015630424188938665
CTCGG 0.19330694154931027 0.000191521656465437 0.00016750458588386233
CTCGT 0.4896684089410425 0.0006012149195171507 0.00042817851371059764
CTCTA -0.01440824974142316 0.00126985023523553 0.0012825958167528614
CTCTC 0.5843026539570116 0.002356531783446483 0.001571739892721979
CTCTG 0.2858981709189016 0.001681333420310285 0.0013790814616661657
CTCTT 0.025784790923772945 0.002869245002935472 0.002818419522587527
CTGAA -0.11947549812722968 0.0012551330986016334 0.0013635010948805542
CTGAC -0.8168137312730406 0.00031084979133486816 0.000547565420646126
CTGAG -0.02603929443573662 0.0006252794267158192 0.0006366675985686587
CTGAT 0.09911042959680953 0.001757703426626721 0.0016410068245760825
CTGCA -0.5697081684465571 0.0004498670684577555 0.0006677031886315632
CTGCC -0.864831063898873 0.00014657472566461792 0.0002669311032426435
CTGCG 0.3206899064358334 0.0001726280351111104 0.00013822100493741197
CTGCT -0.2966745273629527 0.0007611146202421884 0.0009348845788908431
CTGGA 0.19977126680001672 0.0006105622900819227 0.0005316096233355601
CTGGC -0.6190770198412698 0.00016984371196415702 0.00026086164308921256
CTGGG 0.9900673348968064 0.0004049201376569364 0.0002038587750502889
CTGGT -0.1824375393897642 0.0006642599507731667 0.00075380192235446
CTGTA -0.23252314387264955 0.0007919410550834581 0.0009304419843455483
CTGTC -0.39759442417428276 0.0005041613698233467 0.0006641365986444956
CTGTG 0.03192684323004945 0.0009261852068115681 0.0009059138567151881
CTGTT 0.02064500037130742 0.0022712121670148398 0.0022389425073202694
CTTAA -0.18964129452403541 0.0016968460778433111 0.001935219212632086
CTTAC -0.4412545985757415 0.0008500140807199145 0.0011541360054642662
CTTAG 0.0035335428444737277 0.0010709700104531445 0.001068350130512165
CTTAT -0.355427976825794 0.0019295359408387017 0.0024685808450841
CTTCA -0.032874878791442075 0.0014973692123865785 0.0015318816853226438
CTTCC -0.029426960821830363 0.0008356947045355829 0.0008529155809424457
CTTCG 0.9647301038886725 0.0007286971436026595 0.0003733656570672419
CTTCT 0.20445837851360865 0.003300815090713248 0.002864660048911089
CTTGA -0.14408285248622318 0.001670991648621601 0.0018464924652345077
CTTGC -0.4726116863946193 0.0006618733880757781 0.0009184282075470045
CTTGG -0.22441973111198624 0.0008229663701495102 0.0009614775744084528
CTTGT -0.15350555953182432 0.0022411812530726996 0.002492796113943665
CTTTA -0.1129406812647927 0.002286923704772648 0.002473148583137713
CTTTC -0.09055274731004971 0.0022308394813840156 0.002375348931387068
CTTTG 0.010431492787686214 0.0026532610788218016 0.002634145706589031
CTTTT -0.06488482543075771 0.005029482004521741 0.005260845374433131
GAAAA 0.04948865615343883 0.002112903508088061 0.002041653766456684
GAAAC -0.1484692976167054 0.0010960289187757252 0.0012148306069985756
GAAAG -0.08176333032081538 0.0009365269785002522 0.0009911365858798577
GAAAT 0.3186057882962019 0.002360708268166913 0.0018929207068205465
GAACA -0.14303278101392455 0.0007378456339426493 0.0008147468109054057
GAACC -0.2964484772195812 0.0003874186778760865 0.000475795618625659
GAACG 0.12793944911152297 0.00018734517174500692 0.00017144660639588447
GAACT -0.29039096283595767 0.0008317171000399351 0.0010171664356100358
GAAGA 0.21716554907056707 0.0011151214203548342 0.000959287563012885
GAAGC 0.020469840785998637 0.000494018478359445 0.00048705853437429374
GAAGG -0.04076743520371494 0.00030548002526574377 0.00031423534938690943
GAAGT -0.07114005273879244 0.0008862102816303087 0.00093100513013298
GAATA -0.17933207593006614 0.0010522752693236004 0.0011915539144513971
GAATC 0.523171632869876 0.001664826361653347 0.0011584534565012429
GAATG -0.12418314322309705 0.0009623814077219623 0.0010488903149686903
GAATT 0.6538822310314725 0.0030261615002887743 0.0019233305793418603
GACAA -0.20354034503290033 0.0005996238777188916 0.000690479307145469
GACAC -0.41242060071539743 0.00025655548996927696 0.00034145406244611006
GACAG -0.5713175959070879 0.0001807821243271882 0.0002686205406049387
GACAT -0.5362867305462908 0.0006085734878340989 0.0008825745924138506
GACCA -0.40873850379261384 0.00031084979133486816 0.0004126607186791453
GACCC -0.28486471658355283 0.00012768110431029135 0.00015555338083947766
GACCG -0.1534129084689613 8.51207362068609e-05 9.467106404269095e-05
GACCT -0.3914930178886748 0.0003007068998709665 0.00039445233821885244
GACGA 0.5191138928194935 0.0002820121587414223 0.00019678816683031265
GACGC -0.10493333414435367 7.41823238438297e-05 7.977898655282945e-05
GACGG 0.235591345026913 9.068938250076767e-05 7.702582936982985e-05
GACGT -0.09829675080884427 0.0001877429321945717 0.00020098047435897115
GACTA -0.4006204303159364 0.0004987916037542222 0.0006584425690160192
GACTC -0.11997013282308722 0.00043276336912647035 0.00047028930425965977
GACTG -0.49669218550604666 0.0003442616690983089 0.000485744527536953
GACTT -0.17152054955995114 0.000993207842563232 0.0011185952491019075
GAGAA 0.23756664279670137 0.0012032253599334308 0.0010205453103346261
GAGAC -0.07865250717385681 0.00039159516259651655 0.00041353672323737244
GAGAG 0.20638080371416873 0.0006244839058166897 0.0005412456734760587
GAGAT 0.3352102536112381 0.0013193714112063439 0.0010458242990148954
GAGCA -0.20836820796272476 0.00030587778571530854 0.0003534052674904947
GAGCC -0.34586523819430437 0.0001308631879068095 0.00016631572255483977
GAGCG 0.15670561837273186 7.756328766513024e-05 6.95797906248991e-05
GAGCT 0.17184876244438807 0.0006952852658392188 0.0006172077830251841
GAGGA 0.13750732319076583 0.0004498670684577555 0.0004089689851837595
GAGGC -0.22910381851110537 0.00014995568948591848 0.00017576405743286114
GAGGG -0.056591444673612025 0.00016009858094982014 0.00016650343781731702
GAGGT 0.05799310937033224 0.00038503211517869785 0.0003698616388343333
GAGTA -0.05815146164626516 0.0006226939837936482 0.0006483059448422478
GAGTC 0.010404592350484795 0.00045503795430209746 0.0004517680650285715
GAGTG 6.211383456151231e-05 0.0004930240772355331 0.0004930028510194065
GAGTT 0.12869052866687486 0.001446455874842288 0.0013230171699396282
GATAA -0.028988260229719162 0.0012262954660081874 0.0012511847961650022
GATAC -0.25399550113325453 0.0005576601502898082 0.0006650126032027227
GATAG -0.10244742526964262 0.0006443719282949283 0.0006917933139828098
GATAT -0.23122621787689773 0.0014902095242944127 0.0017492559592712943
GATCA 0.1463402582247376 0.0010940401165279014 0.0009885085722051764
GATCC 0.4485806090781557 0.0006177219781740886 0.00045264406958679866
GATCG 1.2884683065300853 0.0005612399943358912 0.00022976348127214883
GATCT 0.6586303163444913 0.002051847279079869 0.0012998030491466089
GATGA 0.16335115489051616 0.0014367107438279512 0.0012829086755236567
GATGC -0.1932108422727983 0.0004960072806072688 0.0005670878079437595
GATGG -0.10093027940250622 0.0005449318159037357 0.0005844201838458252
GATGT -0.05070311392540879 0.0012451890873625142 0.0012897289967269967
GATTA 0.3432425454192714 0.0019862168049016816 0.001565670432568548
GATTC 0.708188398504746 0.0023310751146743375 0.0014268237100895451
GATTG 0.4787845066613945 0.0020816793127972264 0.0014937754870397628
GATTT 0.7241902158772195 0.005222196942335872 0.003161187591870978
GCAAA -0.18209433137523992 0.0007456019627091623 0.0008459075444766286
GCAAC -0.42446629280251214 0.00028817744570967623 0.0003867560124572854
GCAAG -0.3924945147012305 0.0002991158580727074 0.00039263775734823907
GCAAT -0.084261732542648 0.0007092068815739858 0.0007518621979755284
GCACA -0.6387182379343962 0.00022075704950844764 0.00034370664559583704
GCACC -0.8474914511347686 8.710953845468474e-05 0.00015674224416850022
GCACG -0.2377376307980941 6.861367754992291e-05 8.090527812769293e-05
GCACT -0.7407756540811599 0.0002145917625401937 0.00035859872308569853
GCAGA -0.2175440919689466 0.00032158932347311694 0.0003739288028546736
GCAGC -0.4306421027415399 0.00014916016858678894 0.00020104304611313022
GCAGG -0.7234393576536178 7.298904249513538e-05 0.00012051319851039179
GCAGT -0.5905180399578794 0.00025655548996927696 0.0003863180101781718
GCATA -0.5824206696837808 0.0005154975426359425 0.0007718851593064346
GCATC -0.4982299456407135 0.000377872427086532 0.0005337370629769689
GCATG -0.30826722053036837 0.0004972005619559632 0.000615643489171207
GCATT -0.4374981493432069 0.0008754707494920599 0.0011856095978062843
GCCAA -0.2787868243169458 0.00032178820369789936 0.00039038517419851215
GCCAC -0.3642341947971694 0.000148165767462877 0.0001907187066768817
GCCAG -0.7039275772312129 8.293305373425465e-05 0.0001350924172294579
GCCAT -0.4466893821065887 0.0003277546104413709 0.0004466997529416859
GCCCA 0.029044598861868443 0.00012787998453507373 0.0001253312235806411
GCCCC -0.4956098834742405 4.7930134172554845e-05 6.757749449180848e-05
GCCCG -0.029726173185244616 2.764435124475155e-05 2.8219861125745948e-05
GCCCT -0.4148909025667825 0.0001390172771228873 0.00018533753581920066
GCCGA 0.5591422558899818 0.00010878748295596473 7.383466990771667e-05
GCCGC 0.27699494704159244 5.489094203993833e-05 4.5301950011175316e-05
GCCGG 0.5490174489742846 6.34427917055809e-05 4.3362225632243774e-05
GCCGT 0.12960085861906745 0.00011137292587813575 0.00010180424401682629
GCCTA -0.5815530944679962 0.00020981863714541644 0.0003139850623702731
GCCTC -0.4321500672306923 0.00020544327220020398 0.00027719287092473294
GCCTG -0.8233916443144247 0.00013185758903072142 0.0002333300712592165
GCCTT -0.4653977968409808 0.0004617998819446986 0.0006376061748810448
GCGAA 0.5965375044011318 0.0002358719465919089 0.00015599138311859123
GCGAC 0.01850273227550456 7.497784474295924e-05 7.402238517019392e-05
GCGAG 0.4718394378132059 0.0001308631879068095 9.435820527189554e-05
GCGAT 0.8430314181271309 0.00031124755178443293 0.0001735114742831342
GCGCA -0.26091054823999016 5.6084223388632645e-05 6.720206396685399e-05
GCGCC 0.13226347710641925 3.579844046082935e-05 3.266245567104076e-05
GCGCG 0.5062596192376558 2.843987214388109e-05 2.0022961330906216e-05
GCGCT -0.2394055032407459 6.901143799948768e-05 8.146842391512467e-05
GCGGA 0.19090701778027588 9.228042429902676e-05 8.084270637353385e-05
GCGGC 0.3761795041069718 5.449318159037356e-05 4.1985647040743974e-05
GCGGG -0.3316836226533711 3.559956023604696e-05 4.480137597790266e-05
GCGGT -0.32173660073403143 9.407034632206823e-05 0.00011757232606491494
GCGTA 0.15621803025082723 0.00016825267016589793 0.0001509856427858647
GCGTC 0.23255609947171535 0.00012887438565898564 0.00010968828504087062
GCGTG 0.16963938133062567 0.00013702847487506346 0.00012182720534773251
GCGTT 0.3634789365796763 0.00039855597046390003 0.00030979275484161465
GCTAA -0.2752193860782783 0.0007215374555104938 0.0008731888292899882
GCTAC -0.386046964966814 0.00031462851560573347 0.0004111589965793273
GCTAG -0.1446315973193717 0.00039497612641781714 0.00043662570052207367
GCTAT -0.3289336408042037 0.0006527248977357884 0.0008198776947464505
GCTCA -0.13582720216990682 0.0005111221776907301 0.0005615814935777603
GCTCC -0.009376619020327388 0.00023666746749103845 0.0002382106680836249
GCTCG 0.653143283509081 0.00022572905512800725 0.00014353960404093395
GCTCT -0.06511777764260301 0.0008378823870081891 0.0008765677040145787
GCTGA -0.15563482983097784 0.0005942541116497671 0.0006619465872489277
GCTGC -0.31977543161344846 0.000278233434470557 0.0003472732355829047
GCTGG -0.12030198212938939 0.0002466114787301577 0.00026805739481750696
GCTGT -0.352728403442254 0.000494018478359445 0.000630848425431864
GCTTA -0.12139575983834269 0.0010425301383092636 0.0011340504723792008
GCTTC 0.15216066061475167 0.0010419334976349164 0.0009376377360738427
GCTTG -0.0805214833099755 0.000897745334667687 0.0009492760823474319
GCTTT 0.03408997350320232 0.002078298348975926 0.0020297651331664585
GGAAA 0.07757615548365474 0.0009912190403154081 0.0009393271734361378
GGAAC -0.06100208973933607 0.00040253357495954775 0.0004199190421615988
GGAAG 0.06987655154977257 0.0004520547509303617 0.0004306813838769609
GGAAT 0.3995036428042496 0.0010695778488796679 0.0008108673621475427
GGACA -0.32728228331193304 0.00022851337827496066 0.0002867037775569134
GGACC -0.3428760375235755 0.00012768110431029135 0.00016193569976370403
GGACG -0.006920227067871155 7.597224586687117e-05 7.633754007407995e-05
GGACT -0.2459347654233331 0.00030846322863747953 0.00036579447481399293
GGAGA 0.2895234212242844 0.0005491083006241657 0.00044926519486220825
GGAGC 0.06454402685071427 0.0001768045198315405 0.00016906887973783935
GGAGG 0.10041551248077388 0.00019172053669021938 0.00017883007338665615
GGAGT -0.011617685359821738 0.00039457836596825237 0.0003977686411892838
GGATA -0.09274797281833871 0.0005785425738919587 0.0006169574960085478
GGATC 0.5933407521493052 0.0006692319563927264 0.0004435711652337318
GGATG -0.16129914423365932 0.00042938240530516976 0.00048017564141679473
GGATT 0.5986693071728157 0.0017491515769610783 0.0011550745817766523
GGCAA -0.19149512407986988 0.0002700793452544792 0.0003084161762501148
GGCAC -0.65169111147822 8.969498137685576e-05 0.0001409115903662525
GGCAG -0.3391652040228233 0.00011475388969943629 0.00014516646964907008
GGCAT -0.49699559644328234 0.00028380208076446374 0.0004005217983722834
GGCCA -0.270722883815543 0.0001418016002698407 0.00017107117587092998
GGCCC -0.30568841412042674 5.290213979211448e-05 6.538748309624061e-05
GGCCG 0.38067793139474265 5.588534316385026e-05 4.2924223353130205e-05
GGCCT -0.5376831844383371 0.0001483646476876594 0.00021537197781556
GGCGA 0.5698497627856401 0.00012529454161290272 8.440929636060152e-05
GGCGC -0.30109530281994834 2.843987214388109e-05 3.504018232908588e-05
GGCGG 0.4373872740556955 6.702263575166383e-05 4.94942575398338e-05
GGCGT 0.14518119101344656 0.00011694157217204254 0.00010574626452884845
GGCTA -0.2470465995472411 0.00031065091111008575 0.0003686727755053107
GGCTC -0.1960903106517599 0.00022891113872452543 0.00026223822168071234
GGCTG -0.3276779883145726 0.00021518840321454086 0.0002700596909505976
GGCTT -0.12308747335438823 0.0006692319563927264 0.0007288357924449863
GGGAA 0.24385358822612793 0.0004816879044229371 0.00040677897378819163
GGGAC -0.19494728586163187 0.0001308631879068095 0.00014979677945684214
GGGAG -0.048041432118338945 0.00016546834701894453 0.00017107117587092998
GGGAT 0.3318407379547673 0.0005023714478003051 0.00039914521978078363
GGGCA -0.05745226979730527 0.00011833373374551923 0.00012314121218507323
GGGCC -0.13974178383817723 5.827190586123888e-05 6.419861976721805e-05
GGGCG -0.0948258393786508 2.8240991919098705e-05 3.0159585504677487e-05
GGGCT 0.09078663413198967 0.00019351045871326085 0.0001817083740779739
GGGGA 0.24082939123429106 0.00022374025288018342 0.0001893421280853819
GGGGC -0.27857228619380864 4.952117597081393e-05 6.006888399271865e-05
GGGGG 0.2175822683425464 9.625802879467446e-05 8.278243075246539e-05
GGGGT 0.36093214668596696 0.000261726375813619 0.00020379620329612983
GGGTA 0.2724272274484814 0.0002903651281822825 0.00024040067947919276
GGGTC 0.34143421073507446 0.0002428327544592924 0.00019165728298926795
GGGTG -0.11823540256797233 0.00018654965084587737 0.00020248219645878913
GGGTT 1.1996173825442509 0.0016019802106221133 0.0006974873436112862
GGTAA 0.007678855716882379 0.0005194751471315903 0.0005167175458456986
GGTAC -0.2152320344803742 0.00021479064276497609 0.00024934844032394146
GGTAG -0.04688545586543424 0.00032278260482181126 0.0003334448779137476
GGTAT -0.20773092776689037 0.000561637754785456 0.0006486188036130433
GGTCA -0.09241004279144337 0.0003832421931556564 0.000408593554658805
GGTCC -0.2048406031067215 0.00017899220230414674 0.00020629907346249313
GGTCG 0.2941920713338379 0.0001511489708346128 0.0001232663556933914
GGTCT -0.05711743806637767 0.0005970384347967206 0.0006211498035372063
GGTGA 0.15605820036996454 0.0005705873649006633 0.0005120872360379264
GGTGC -0.3502817411344872 0.00015711537757808435 0.00020029218506322126
GGTGG 0.05770010640198096 0.0003251691675191999 0.00031242076851629606
GGTGT 0.021772769767382846 0.0006399965633497157 0.0006304104231527504
GGTTA 0.08022183731471526 0.0009761041432319468 0.0009233088043714129
GGTTC 0.22781748968064688 0.0008195854063282096 0.0006998650702693314
GGTTG 0.13208974564117482 0.0008541905654403447 0.0007794563415596835
GGTTT 0.5297686414502589 0.00337101981006143 0.00233499014995446
GTAAA -0.07205163150724019 0.001196065671841265 0.0012573168280725923
GTAAC -0.38177017853858514 0.0005685985626528395 0.00074084956924353
GTAAG -0.19539166351980036 0.0004379342549708123 0.0005014500378308826
GTAAT 0.11499706581995527 0.0014239824094418785 0.0013148828418989475
GTACA -0.42565977086238516 0.00041367086754736136 0.0005556371769326476
GTACC -0.37564482526712406 0.0002008690270302091 0.0002606113560725762
GTACG 0.2649606831154202 0.0001726280351111104 0.0001436647475492521
GTACT -0.3355801680089341 0.0005882877049062956 0.000742351291343348
GTAGA 0.08885248277053819 0.0008364902254347124 0.0007865269497796598
GTAGC -0.1464866512943946 0.0003842365942795683 0.0004253002130192799
GTAGG -0.16109853171988875 0.00025814653176753604 0.00028864350193584493
GTAGT -0.08629293204968094 0.0008404678299303601 0.0008922732143085083
GTATA -0.10019156486652207 0.0012362394772473069 0.001325144609581037
GTATC -0.05551762087781941 0.0007814004031699917 0.0008120562254765653
GTATG -0.24601190598550818 0.0008054649103686603 0.0009552203989925447
GTATT -0.09566785751333971 0.0015138762710435166 0.0016176675602747452
GTCAA -0.05201915935226833 0.0008086469939651785 0.0008383363622233796
GTCAC -0.2632224574818104 0.0003754858643891434 0.00045064177345370803
GTCAG -0.3380070221888246 0.0002603342142401423 0.00032906485512261183
GTCAT -0.4847438440960939 0.0007054281573031205 0.0009871319936136764
GTCCA -0.41033682776086633 0.0003132363540322568 0.00041628988042037205
GTCCC -0.5437482981950909 0.00014538144431592364 0.0002119305313368105
GTCCG 0.27400903005805327 0.00010978188407987666 9.079161528482788e-05
GTCCT -0.4111380711971887 0.0003846343547291331 0.0005114615184963357
GTCGA 0.5995236984524507 0.00033391989740962487 0.00022037771814828656
GTCGC 0.3755346281187832 0.00012728334386072658 9.811251052144046e-05
GTCGG 0.4977970627997682 0.00016089410184894968 0.00011394316432368819
GTCGT 0.2954020870645132 0.00035162023741525713 0.00028651606229443616
GTCTA -0.2647759834622197 0.0006944897449400893 0.0008343943417113575
GTCTC 0.10407131914069001 0.0009438855468172005 0.0008781945696227149
GTCTG -0.12492346211956719 0.0006244839058166897 0.0006809684005132887
GTCTT -0.07614500085021222 0.00166840620569943 0.0017588294376576338
GTGAA 0.15923066926906873 0.0012913292995120275 0.001156388588613993
GTGAC -0.36786424894824044 0.0003896063603486927 0.0005027640446682233
GTGAG 0.153960249054799 0.0005288225176963624 0.0004752950445923863
GTGAT 0.17991863348196768 0.0015574310402708589 0.0013748265823833481
GTGCA -0.4496294476185406 0.00032158932347311694 0.00043919114244259604
GTGCC -0.5309065004194385 0.00013464191217767483 0.0001945355836805857
GTGCG 0.18881134418962442 0.00011097516542857098 9.736164947153148e-05
GTGCT -0.3210528955616806 0.000514702021736813 0.0006429873457387259
GTGGA 0.12960576366050694 0.0006471562514418816 0.0005915533638199606
GTGGC -0.23888444190374503 0.0002466114787301577 0.00029102122859389005
GTGGG 0.25550560337615347 0.0003223848443722465 0.0002700596909505976
GTGGT -0.10424468028446923 0.0007380445141674317 0.0007933472709829997
GTGTA 0.0006163141150364521 0.0009838604719984599 0.0009834402601182905
GTGTC -0.13654641239168988 0.0005761560111945701 0.0006333512955982273
GTGTG 0.15720086277046652 0.0011797574934091094 0.0010579632193217572
GTGTT 0.22071291159971806 0.002449011087970292 0.002101597506941085
GTTAA -0.007449610609676727 0.0015643918481382424 0.001572490753771888
GTTAC -0.22416729034945493 0.0008446443146507902 0.0009866314195804038
GTTAG 0.14811522193296114 0.0010405413360614396 0.0009390143146653425
GTTAT -0.14879672183439963 0.0018670875502570328 0.0020699361993365894
GTTCA 0.014973873628360689 0.0011431635320491504 0.0011313598869503603
GTTCC 0.043534558512087325 0.000639598802900151 0.0006205866577497746
GTTCG 0.7901575002814265 0.0005083378545437768 0.0002939621010393669
GTTCT 0.10021409518759793 0.002151088511246279 0.0020067387276359165
GTTGA 0.25717447648402636 0.0018438185639574937 0.001542769170546324
GTTGC -0.09849148092888049 0.0007155710487670221 0.0007661285579237991
GTTGG 0.02038639518643981 0.0008693054625238059 0.0008571078884711043
GTTGT 0.10852424149786886 0.0021771418206927716 0.002019378221976051
GTTTA 0.14732932703651627 0.0027785556204347043 0.00250881448300839
GTTTC 0.3073043620653755 0.0032039604212442266 0.002589281758856969
GTTTG 0.22852735101258925 0.003084433406150013 0.0026325814127350538
GTTTT 0.26643282593487067 0.0065682183036630554 0.00546063698546308
TAAAA -0.06408826872707277 0.0026904516808561076 0.0028126629212048915
TAAAC -0.3137755731913989 0.0012292786693799233 0.0015279396648106216
TAAAG 0.09473024010951661 0.0014432737912457698 0.0013515498898361697
TAAAT -0.039983176670606066 0.002523193411814122 0.0025940997839272186
TAACA -0.5136227482070711 0.001086084907536606 0.0015505280680620502
TAACC -0.4484790780416767 0.0005689963231024042 0.0007764528973600477
TAACG -0.023450576510584173 0.000370116098320019 0.00037618138600440054
TAACT -0.48388989827478535 0.0013414471161571886 0.0018760263331975943
TAAGA -0.08340535040202682 0.0013038587536733177 0.0013814591883242109
TAAGC -0.24066356698461694 0.000622097343119301 0.0007350303961067354
TAAGG -0.11895977960488355 0.0004892453529646677 0.0005312967645647647
TAAGT -0.21154235810782832 0.001202827599483866 0.0013927846758270046
TAATA -0.29074807929024704 0.0017594933486497625 0.0021523431995641
TAATC 0.08152399509450195 0.0017236949081889331 0.0016289930477775389
TAATG -0.23472978931247462 0.0015544478368991232 0.001829097517578283
TAATT 0.22357377740972556 0.003742726950179708 0.003205425822061449
TACAA -0.2592783522938149 0.0011447545738474095 0.001370133700821417
TACAC -0.3780377110346013 0.0005497049412985128 0.0007143817172342384
TACAG -0.38685574209494916 0.00041068766417562554 0.0005369907941932411
TACAT -0.39678763564550357 0.0014088675123584173 0.0018548770802918246
TACCA -0.47891447319946207 0.0005465228577019947 0.0007616859633785043
TACCC -0.285608658704984 0.0002388551499636447 0.0002911463721022082
TACCG -0.12163899663409258 0.00017063923286328656 0.00018565039458999608
TACCT -0.6343747901143745 0.0005435396543302589 0.0008437175330810608
TACGA 0.5355167129046561 0.00046100436104556903 0.00031805222639061343
TACGC -0.021536620981458185 0.00014856352791244178 0.00015079792752338745
TACGG 0.07437208860546836 0.00016984371196415702 0.0001613099822221132
TACGT 0.05319610959450475 0.0004707494920599059 0.00045370778940750304
TACTA -0.3657035877343383 0.0010564517540440305 0.0013612485117308274
TACTC -0.2837445615525417 0.0008458375959994845 0.0010296807864418522
TACTG -0.4514589413134001 0.0007742407150778258 0.0010587140803716662
TACTT -0.27884490989023225 0.002032357017051195 0.0024657025443927823
TAGAA -0.032123340794463204 0.0014836464768765941 0.0015170521795869413
TAGAC -0.35540450582335303 0.0004858643891433672 0.0006215878058163199
TAGAG 0.05155260866917153 0.0008774595517398837 0.0008466584055265375
TAGAT 0.3351267333576132 0.0021013684550506826 0.001665785239223079
TAGCA -0.46647247259832647 0.0005097300161172534 0.0007043076648146261
TAGCC -0.43385666020550195 0.00024999244255145825 0.00033769975719656517
TAGCG 0.09425952066915474 0.000167258269041986 0.00015667967241434115
TAGCT 0.08113053864634927 0.0013324975060419813 0.0012596319829764782
TAGGA 0.09858559302033472 0.0007259128204557062 0.0006779649563136527
TAGGC -0.30794468207550346 0.00027723903334664503 0.0003432060715625644
TAGGG 1.1965251716272807 0.0007943276177808467 0.0003465849462871548
TAGGT 0.4174054191304335 0.0009051039029846353 0.0006777146692970164
TAGTA -0.28517716697495477 0.0011065695706891916 0.0013484213021282155
TAGTC -0.23354337422963786 0.000704632636403991 0.0008284500250662448
TAGTG 0.008580629783834266 0.0010580427958422896 0.001051768615660008
TAGTT -0.01927438091348069 0.0024673080686502713 0.002500492439705232
TATAA -0.17187308649729463 0.002147508667200196 0.0024192117310525845
TATAC -0.3548645593119129 0.0010528719099979476 0.001346481577749284
TATAG -0.04574761549685401 0.0013398560743589296 0.001383023482178188
TATAT -0.1544677218609169 0.004040251766454156 0.004496844256150741
TATCA -0.28920455240521037 0.0013931559746006086 0.001702389715406142
TATCC -0.4189475714200873 0.0005940552314249848 0.0007942232755412269
TATCG 0.3389665711115479 0.0005552735875924196 0.0004390034271801188
TATCT -0.21097250907089798 0.00227459313083614 0.002632769127997531
TATGA -0.13793646954566555 0.0018231350205801257 0.002006050438340167
TATGC -0.45000503253933755 0.0007829914449682507 0.0010696015655953465
TATGG -0.14107084485438134 0.000947266510638501 0.0010445728639317136
TATGT -0.1556294456513581 0.002483417366857645 0.002766297251373012
TATTA -0.22821712198858027 0.0021797272636149426 0.002553303000215497
TATTC -0.24436328359505266 0.001572943697803885 0.0018632616953491417
TATTG -0.05497062761783234 0.002244562216894 0.002331736418738188
TATTT -0.16649632374488202 0.0043457317917199 0.004877343093192118
TCAAA 0.07425632342573493 0.0023265008695043427 0.002209784069882137
TCAAC -0.2386948903409939 0.0007925376957578053 0.0009351348659074794
TCAAG -0.15271947337662398 0.0009035128611863762 0.0010044017977615832
TCAAT 0.33138375504284107 0.0025110617181023963 0.0019957260989039182
TCACA -0.2737082750964189 0.0009239975243389619 0.0011170309552479306
TCACC -0.22137447105919394 0.0004329622493512527 0.000504766340801314
TCACG 0.2836321585496041 0.0002997124987470546 0.0002462198526159874
TCACT -0.1585735934145644 0.0012879483356907269 0.0014375860518049072
TCAGA 0.14623255406363792 0.00099638992615975 0.0009003449705950299
TCAGC -0.1432548995120449 0.0004077044608038898 0.00045026634292875354
TCAGG -0.11969917950253736 0.00029871809762314265 0.00032455968882315794
TCAGT -0.23801677806031296 0.0009609892461484856 0.001133362183083451
TCATA -0.3083111299219636 0.0015500724719539106 0.001919388558829838
TCATC -0.019200998365998076 0.0014514278804618477 0.001470874225017539
TCATG -0.22262297772548276 0.0013589485759380384 0.0015856933938994543
TCATT -0.21246032286351949 0.0026490845941013717 0.003069394828519605
TCCAA 0.03739029182345655 0.0010280118819001494 0.0010017112123327425
TCCAC -0.19230836974102006 0.00044867378710906116 0.0005126503818253582
TCCAG -0.2079292210220721 0.00033749974145570776 0.0003898220284110804
TCCAT -0.21556720978120786 0.001159869470930871 0.0013467944365200793
TCCCA -0.25114179026964073 0.0004303768064290817 0.0005122123795462446
TCCCC -0.056576384519002244 0.00026490845941013716 0.0002755034335624377
TCCCG 0.3221287437849528 0.00015950194027547298 0.00012758380673036804
TCCCT -0.28834970144280375 0.000606584685586275 0.000740786997489371
TCCGA 1.1349851462295102 0.0005166908239846369 0.00023526979563814806
TCCGC 0.08488134637206624 0.00012529454161290272 0.00011813547185234668
TCCGG 0.6144171987271514 0.00023249098277060837 0.00015186164734409184
TCCGT 0.5109515228661331 0.00044867378710906116 0.0003148610669285003
TCCTA -0.360358422291076 0.0006390021622258038 0.0008203156970255641
TCCTC 0.17258685962000403 0.0010069305780732165 0.0008933995058833718
TCCTG -0.3611073829932711 0.0005429430136559117 0.000697362200102968
TCCTT -0.09072837847955727 0.0018505804916000947 0.0019706973972402854
TCGAA 0.9619757079856046 0.0010301995643727556 0.0005288564661525604
TCGAC 0.3803753544896463 0.0002750513508740388 0.00021130481379521966
TCGAG 0.7422237182694029 0.0004858643891433672 0.0002904580828064583
TCGAT 1.2864130216158143 0.0016314144838899063 0.0006688294802064267
TCGCA 0.3479658605726016 0.0002547655679462355 0.00020016704155490308
TCGCC 0.6878024247809614 0.0001927149378141313 0.00011963719395216464
TCGCG 1.1617249401783452 0.00011535053037378345 5.1559125427083506e-05
TCGCT 0.6350347390143957 0.0005113210579155125 0.0003292525703850891
TCGGA 0.9449964345073769 0.0004478782662099316 0.00023264178196346662
TCGGC 0.5709979275467879 0.0001467736058894003 9.880079981719036e-05
TCGGG 0.48162623261894044 0.00015691649735330196 0.00011237887046971114
TCGGT 0.21063143357568756 0.0004482760266594964 0.0003873817299988762
TCGTA 0.4483764486874718 0.000618915259522783 0.0004535826458991849
TCGTC 0.7325130898228713 0.0005894809862549899 0.00035478184608199454
TCGTG 0.6095020684708509 0.0005783436936671764 0.0003790596866957183
TCGTT 0.7248577940909527 0.0016351932081607717 0.0009893845767634034
TCTAA -0.1009333803967963 0.0017831600953988663 0.001912380522364021
TCTAC -0.1407759176871152 0.0008488207993712203 0.0009358231552032293
TCTAG 0.12000184422099665 0.00110477964866615 0.001016603289822604
TCTAT -0.04265400828663298 0.002171772054623647 0.002236940211187179
TCTCA -0.020239008860107963 0.0017827623349493014 0.0018079482646725133
TCTCC 0.3336612115332599 0.0011312307185622073 0.0008976543851661893
TCTCG 0.8464730866858461 0.0008782550726390133 0.0004884351129657936
TCTCT 0.4623850823861032 0.00502610104070044 0.0036478706957203174
TCTGA 0.19197904786677628 0.002092219964710693 0.001831537815990487
TCTGC -0.13416489964347283 0.0008424566321781839 0.0009245602394545946
TCTGG 0.46771819105339335 0.0011085583729370154 0.0008016067425319985
TCTGT 0.1842705421531316 0.0027171016309769473 0.002391304728697634
TCTTA -0.1549314774998668 0.0026315831343205216 0.0029299223884990113
TCTTC 0.4266987444148234 0.00367451103307935 0.0027336973674561304
TCTTG -0.1569843813721608 0.002537711668223236 0.0028294321513195257
TCTTT -0.028839473408114078 0.005719397504291835 0.0058348786470885485
TGAAA 0.042768093764670015 0.0027417627788499633 0.002661677278419027
TGAAC -0.35985244642410974 0.0008573726490368629 0.0011002617251332967
TGAAG 0.03835097246856975 0.0011946735102677881 0.0011633340533256512
TGAAT 0.301758340846762 0.003185265680114682 0.0025840883032617655
TGACA -0.5746322700959796 0.0007018483132570375 0.0010452611532274635
TGACC -0.4975158694618005 0.00035102359674091 0.0004955682929399289
TGACG 0.06532658164975762 0.0002688860639057849 0.00025698219433134946
TGACT -0.2886624712846412 0.0010966255594500724 0.0013395361130376258
TGAGA 0.1872930863849634 0.0014496379584388061 0.00127314748187484
TGAGC -0.0036211556461233697 0.0005536825457941605 0.0005550740311452158
TGAGG 0.046914048596301945 0.000500183765327699 0.0004841802336829759
TGAGT 0.058087837543774355 0.0013846041249349662 0.0013299626346512865
TGATA -0.16591133098074146 0.0018843901298131003 0.002114049286018742
TGATC 0.2959609617896397 0.00187186067565181 0.0015246859335943494
TGATG -0.022710626552664294 0.00197607391343778 0.0020074270169316666
TGATT 0.5133199282447871 0.005486707641296444 0.0038440331450090392
TGCAA -0.2564593413005481 0.0009629780483963094 0.0011503191284605622
TGCAC -0.7895294263017704 0.0002633174176118781 0.0004551469397531619
TGCAG -0.5161886093333566 0.00035679112325959916 0.0005102726551673131
TGCAT -0.4359929827407659 0.0012221189812877573 0.0016533334601454219
TGCCA -0.6106524820920471 0.0003335221369600601 0.0005092715071007678
TGCCC -0.29978640924198857 0.00015234225218330711 0.00018752754721476853
TGCCG 0.016971208733706274 0.00010699756093292327 0.00010574626452884845
TGCCT -0.6160060901163643 0.0004498670684577555 0.0006894781590789237
TGCGA 0.6259959317374165 0.0003440627888735265 0.0002229431600688089
TGCGC -0.18044004227713392 8.392745485816658e-05 9.510906632180453e-05
TGCGG -0.2797688536148306 0.00011535053037378345 0.00014003558580802535
TGCGT 0.35780307200159345 0.0004542424334029679 0.00035446898731119914
TGCTA -0.40697174995760826 0.0008575715292616453 0.0011370539165788368
TGCTC -0.15000803484456618 0.0007631034224900123 0.0008467209772806966
TGCTG -0.38925147131538695 0.0006668453936953377 0.0008733765445524655
TGCTT -0.09705000646499085 0.0023058173261269748 0.0024662656901802142
TGGAA 0.1342336311486431 0.0013869906876323548 0.0012637617187509778
TGGAC -0.3359929347057747 0.00034903479449308614 0.00044056772103409587
TGGAG 0.1589405504232754 0.0006636633100988196 0.0005944316645112783
TGGAT 0.3769483421377264 0.001827510385525338 0.0014073013227919116
TGGCA -0.5541347271048342 0.0003492336747178685 0.0005127755253336764
TGGCC -0.3627415864001668 0.00019649366208499664 0.0002526647432943728
TGGCG 0.17823652504708729 0.00015830865892677866 0.0001399104422997072
TGGCT -0.28731098350120693 0.0007304870656257011 0.0008914597815044402
TGGGA 0.18881251302955931 0.0006310469532345084 0.0005536348807995569
TGGGC 0.047395543896776436 0.0002022611886036858 0.00019572444700960827
TGGGG 0.39900813460468126 0.0003764802655130553 0.0002855149142278908
TGGGT 0.837819435317967 0.0011473400167695805 0.0006419236259180215
TGGTA -0.221256847343898 0.0008778573121894486 0.001023361039271785
TGGTC -0.2209748102675585 0.0006582935440296952 0.0007672548494986626
TGGTG 0.029392024311055844 0.0010280118819001494 0.001007280098452901
TGGTT 0.06538174522013149 0.0027976481220138134 0.0026736910552175707
TGTAA -0.05378658101601483 0.0016765602949155077 0.0017402456266723866
TGTAC -0.33236958591578597 0.0006272682289636431 0.0007897806809959321
TGTAG -0.01508327386566389 0.0010683845675309735 0.0010796130462607995
TGTAT -0.0721123357553829 0.002242573414646176 0.00235751598145173
TGTCA -0.4519875758198671 0.0008856136409559615 0.0012114517322739853
TGTCC -0.45889528957864295 0.0004158585500199676 0.0005715929742432134
TGTCG 0.3810684203389663 0.00041028990372606077 0.0003150487821909775
TGTCT -0.14853050555352945 0.0018378521572140222 0.0020371486001572302
TGTGA 0.10486678186328711 0.0019170064866774114 0.0017826067042380851
TGTGC -0.3081806291709689 0.0005876910642319484 0.0007276469291159637
TGTGG 0.013309050487559952 0.0010180678706610301 0.0010087192487985598
TGTGT 0.1603193095078535 0.0030370999126518054 0.0027176789983914054
TGTTA -0.10329662168828148 0.0024661147873015774 0.0026491629275872106
TGTTC 0.15662893318455473 0.002254307347908337 0.002022381666175687
TGTTG 0.117067961888455 0.0029676907142027528 0.002736387952884971
TGTTT 0.1246638712810512 0.007094853138886812 0.00650752500429868
TTAAA -0.01594102124498709 0.0029131975326123793 0.0029455653270387817
TTAAC -0.3193766851573678 0.001328718781771116 0.0016579637699531938
TTAAG -0.04564017900906273 0.0015699604944321493 0.0016204207174577447
TTAAT 0.06130969570494197 0.0033238851967880047 0.00318559057599302
TTACA -0.3133778120342407 0.0014669405379948736 0.0018228403421623747
TTACC -0.39540158475488996 0.000695881906513566 0.0009152996198390505
TTACG 0.33480357312702125 0.0005624332756845855 0.0004459488918917769
TTACT -0.22788101975535247 0.0021922567177762326 0.0025673816449012904
TTAGA 0.25292939645446555 0.0020522450395294334 0.001722224961474571
TTAGC 0.07338129055069477 0.0010321883666205795 0.0009809999617060865
TTAGG 0.7462607113623572 0.001506915463176133 0.0008983426744619392
TTAGT 0.024653721013859133 0.0023722433212042915 0.0023320492775089833
TTATA -0.17279916787437957 0.0028235025512355237 0.0031827748470558614
TTATC -0.10864671487298344 0.0019667265428730076 0.0021205567484512866
TTATG -0.08494307987808973 0.0025144426819236967 0.00266693330576839
TTATT -0.08581339012670076 0.004348714995091636 0.004615230015019724
TTCAA 0.23256560225025066 0.0027041744163660924 0.0023015768332335105
TTCAC -0.07777376394293657 0.001260105104221193 0.0013299000628971274
TTCAG 0.002487414518628435 0.0011694157217204252 0.0011674012173459915
TTCAT -0.06740388026315615 0.0031578202090947133 0.0033088569316864114
TTCCA -0.16262280902777793 0.001213567131622115 0.0013583702110395095
TTCCC -0.128996610664482 0.0007086102408996387 0.0007748886035060706
TTCCG 0.7175685183505566 0.0005777470529928292 0.00035134039960324503
TTCCT -0.04637157854486745 0.001963743339501272 0.0020278879805416864
TTCGA 1.17115266713912 0.0015303833297004546 0.0006795918219217888
TTCGC 0.7545120291954382 0.0004526513916047088 0.0002683076818341433
TTCGG 0.4724101421672601 0.000488847592515103 0.0003523415476697903
TTCGT 0.8212983859882516 0.0016940617546963577 0.0009587244172254533
TTCTA -0.02080150810243841 0.0023191423011873946 0.0023528230998897987
TTCTC 0.34277030842073103 0.0035008885968443276 0.0027605406499903763
TTCTG 0.13773283837262298 0.0027258523608673724 0.002477653749437167
TTCTT 0.07421939606009295 0.006784202227776726 0.0064440146738272116
TTGAA 0.24841726522061416 0.0034983031539221566 0.0029449396094971907
TTGAC -0.14748646202517715 0.0011755810086886793 0.001302118204050495
TTGAG 0.27507009369902613 0.001882202447340494 0.0015554712366406176
TTGAT 0.45135605924380207 0.005465825217694294 0.003997459086207108
TTGCA -0.33545631590082337 0.0011962645520660472 0.0015094184255795334
TTGCC -0.34194784230095604 0.0004944162388090098 0.0006266561179032055
TTGCG 0.4176923279622604 0.00046438532486686956 0.0003476486661078592
TTGCT -0.03586613876415924 0.002308601649273928 0.0023667140293131147
TTGGA 0.33033407967132394 0.001987012325800811 0.0015803747947959323
TTGGC -0.22601863707245728 0.0006793748478566281 0.0007945987060661814
TTGGG 0.5571108768047623 0.0011590739500317413 0.0007877783848628415
TTGGT 0.11544009986569922 0.0028783934932754616 0.002657046968611255
TTGTA -0.03518145380050021 0.002328688551976949 0.0023861738448565893
TTGTC -0.12013767373128097 0.001624055915572958 0.0017650866130735421
TTGTG 0.16095753085035192 0.0030102510823061834 0.0026924625814652953
TTGTT 0.172564998298944 0.006986065655930847 0.006198483110506974
TTTAA 0.018125783806300724 0.0036464689213850337 0.003600941880101006
TTTAC -0.18997510954353833 0.0020072981087286145 0.002289813343451603
TTTAG 0.3350390446328756 0.0029865843355570795 0.002367652605625501
TTTAT 0.014871529408615533 0.005097499041397316 0.005045223109600935
TTTCA 0.026323350689116773 0.0035380791988786336 0.0034741089344205466
TTTCC -0.05904801414066854 0.0020448864712124854 0.0021303179421001033
TTTCG 0.842181237512916 0.0018778270823952817 0.0010474511646230314
TTTCT 0.10919864097903519 0.006900149398824856 0.006397148429962059
TTTGA 0.43214946437621543 0.005573618299526347 0.00413092463782843
TTTGC -0.027458263694803548 0.0020850602766185273 0.0021251244865048997
TTTGG 0.3315661907740085 0.003547426569443406 0.002819045240129118
TTTGT 0.19539237845982177 0.006748204907091114 0.005893445808981449
TTTTA 0.0740183882824412 0.005453096883308221 0.005180378098584552
TTTTC 0.05742788850236913 0.00550222029882947 0.0052875009417049
TTTTG 0.32536858310837935 0.008035755482332277 0.006413291942535102
TTTTT 0.29311791774674245 0.014172204817992773 0.011566451328060454
