# kmer, imeter, prox, dist
AAAAA -0.40885832874630024 0.0036956797501219094 0.004906512970279038
AAAAC -0.3338699533591662 0.0014306341352106882 0.0018031566330455819
AAAAG -0.3794039766283022 0.0014961861015319895 0.0019462453752526112
AAAAT -0.4005600592036114 0.002808976816371178 0.0037079062730581546
AAACA -0.4463434238062706 0.0014183744163185365 0.0019326519447429435
AAACC -0.10436994751763636 0.0009570086686220502 0.0010288080564685412
AAACG -0.09130436556091302 0.0005251663256046231 0.0005594769820294849
AAACT -0.2648420758387734 0.001406865292460598 0.0016903550079390404
AAAGA -0.2395468178728789 0.001408116284184287 0.0016624527032086697
AAAGC -0.2274422749553293 0.0007343321418054162 0.0008597248594272349
AAAGG -0.26708690668899143 0.0008606823058980006 0.001035724012341881
AAAGT -0.44341517532103103 0.0011048758903620846 0.0015024317931738086
AAATA -0.46102078935337654 0.0020538782119525253 0.0028271950647738887
AAATC -0.23071861785024822 0.0013350583675208522 0.00156658324592996
AAATG -0.1888624303724872 0.001683584661740595 0.0019190585142332757
AAATT -0.2278810388996237 0.0028920426668241246 0.003386910528040385
AACAA -0.21904103838494482 0.0015262099029005245 0.0017764467345002697
AACAC -0.23071540595939907 0.0007698603067581826 0.0009033669258003788
AACAG -0.2820955533125906 0.0007033075470579302 0.0008551937159240122
AACAT -0.2976243938272835 0.0013378105493129678 0.0016443281291957793
AACCA -0.23156155504108872 0.0009790261229589757 0.0011494795623964694
AACCC 0.07769231752507771 0.0006817904894104802 0.0006460456710647377
AACCG 0.029303754051928452 0.0004551107890780416 0.0004459599132119082
AACCT -0.13707908855243084 0.0008236529508768075 0.000905751738170496
AACGA 0.21009179734386665 0.0005646976640731941 0.0004881710921629819
AACGC 0.29437887638639637 0.0003237566580907014 0.0002639987293719692
AACGG -0.013310605292623857 0.00044635384701221896 0.0004504910567151308
AACGT 0.00480589390548656 0.00042208460757265325 0.00042068090208866634
AACTA -0.22288662789644595 0.0011706780550281236 0.0013662590068401188
AACTC -0.13515364944261382 0.0008138952154320338 0.0008938276763199102
AACTG -0.11144069369706137 0.0009810277097168781 0.0010598106172800643
AACTT -0.24239836363499204 0.0014934339197398738 0.0017666690037827894
AAGAA -0.1687663236873404 0.0016337951911377744 0.0018365440062272221
AAGAC -0.056957937182617144 0.000626997051912904 0.0006522461832270423
AAGAG -0.13866471815055556 0.000937993594421978 0.0010326237562607286
AAGAT -0.0773080700174026 0.001348318879791955 0.0014225405787748836
AAGCA -0.20745248043286105 0.0009587600570352147 0.001107029902208384
AAGCC -0.15034792928493879 0.0005799597631021993 0.0006436608586946205
AAGCG 0.08805550842675713 0.00036604017835138806 0.00034436690624491736
AAGCT -0.014147329512015321 0.0009550070818641479 0.000964418122475378
AAGGA -0.18758691049617524 0.0009837798915089937 0.00112038485148104
AAGGC 0.06692093647514472 0.0006340026055655622 0.0006052653795357342
AAGGG 0.0487323786157256 0.0006830414811341691 0.0006603545452854405
AAGGT -0.2905297277025708 0.0006352535972892511 0.0007769718701841695
AAGTA -0.36182996312582194 0.0009204797102903326 0.0011828669355781094
AAGTC -0.15715557165311905 0.0006112345561944231 0.0006815793753794832
AAGTG -0.261825945425575 0.0008071398601241134 0.000967756859793542
AAGTT -0.22039984191361223 0.001463159920026601 0.0017046638821597434
AATAA -0.4871353344889122 0.001642552133203597 0.0023022978621111026
AATAC -0.346888194632567 0.000861432900932214 0.0010955828028318215
AATAG -0.23848969113614243 0.0010188076597722844 0.0012019454345390467
AATAT -0.42744831835696645 0.0020238544105839903 0.0027217863580147107
AATCA -0.15148786737666906 0.001359327606960418 0.0015098247115211717
AATCC 0.0011447639076345452 0.0009272350655982531 0.0009264996057905152
AATCG 0.35889206883908154 0.0006367547873576778 0.000496517935458392
AATCT -0.10104129351621714 0.0014103680692869273 0.0015126864863653122
AATGA -0.2157280181903087 0.001298279210844397 0.0015076783803880662
AATGC -0.07672226755542913 0.0010225606349433514 0.001078412153766978
AATGG -0.011328137410070114 0.0011288949314569125 0.0011377939817828952
AATGT -0.19038420433145006 0.0014126198543895673 0.001611894680962186
AATTA -0.3194286902307614 0.0020929091537316208 0.002611608026515298
AATTC 0.038789137293695 0.0015622384645427663 0.0015207948484237106
AATTG -0.10438198195081615 0.0017103558846275385 0.0018386903373603274
AATTT -0.1641531317224122 0.0033661685301022387 0.0037718192445772942
ACAAA -0.2661383201625603 0.0015489779522716634 0.0018627769422985107
ACAAC -0.10528047406803014 0.0008796973800980727 0.0009462935484624876
ACAAG -0.18479358371314036 0.0009475011315220141 0.0010769812663449078
ACAAT -0.2912453945539455 0.0011504119891043625 0.0014077547420801573
ACACA -0.2667892903824404 0.000960761643793117 0.0011559185557957856
ACACC 0.05782596036976304 0.0006640264069340971 0.0006379373090063393
ACACG 0.2526789742531201 0.000504900259680862 0.0004237811581698187
ACACT -0.22924326078955157 0.000725074803050118 0.0008499471287097545
ACAGA -0.2877608317308707 0.0006515164896972075 0.0007953349254340716
ACAGC -0.1539884120517864 0.0005204125570546051 0.0005790324434644456
ACAGG -0.2003911078307015 0.00042133401253843984 0.0004841169111337827
ACAGT -0.1780936699664606 0.000745340868973879 0.0008432696540734265
ACATA -0.3783046884972393 0.0011406542536595886 0.001482637850501836
ACATC -0.10626426522487988 0.0008821993635454506 0.0009496322857806516
ACATG -0.25643904372784626 0.0012835175085048672 0.0015331958727483198
ACATT -0.27437217046027723 0.0013045341694628418 0.0015777918640695106
ACCAA -0.2709971780111841 0.0009465003381430629 0.0011420866440491062
ACCAC -0.06736382572115003 0.0007308293649790872 0.0007657632520446189
ACCAG -0.1516366911133722 0.0005294196974651655 0.0005880947304708907
ACCAT -0.21737578412777844 0.0009962898087458832 0.0011583033681659028
ACCCA -0.04346131959402068 0.0006407579608734825 0.0006603545452854405
ACCCC 0.19814688380044723 0.0005764569862758701 0.0005024799663836848
ACCCG 0.2383184238489586 0.0003370171703618043 0.0002857005219400353
ACCCT 0.07412877671767175 0.0006597730350735545 0.0006267286908667887
ACCGA 0.1413462669312764 0.0004718740781754736 0.00042783533919901783
ACCGC 0.24600296562106386 0.00044034908673851197 0.0003713152860272412
ACCGG 0.07674329022878909 0.00043159214467268926 0.00040923380271210404
ACCGT 0.19883176159203678 0.0004803808218965585 0.0004185345709555609
ACCTA -0.19981372913396375 0.0006530176797656342 0.0007500234904018457
ACCTC 0.2963845691135381 0.0007916275627503703 0.0006446147836426673
ACCTG 0.028927868678458316 0.0006983035801631744 0.0006844411502236238
ACCTT -0.1970442388278286 0.0008246537442557588 0.0009453396235144407
ACGAA 0.14017873378456303 0.0005784585730337726 0.000524897202662786
ACGAC 0.40364481800791213 0.0005356746560836103 0.0004049411404458931
ACGAG 0.39655226716515996 0.0005496857633889266 0.00041758064600751405
ACGAT 0.20151881177020176 0.0005424300113915306 0.0004717158868091735
ACGCA 0.04459672754319794 0.0003928114012383317 0.00038085453550770987
ACGCC 0.4817783287279727 0.0004405992850832498 0.0003155106765664998
ACGCG 0.8101679744986053 0.00042108381419370204 0.00024015060567079765
ACGCT 0.28571632300192995 0.00036804176510929037 0.000301917246056832
ACGGA 0.08684200076967821 0.00047337526824390035 0.0004457214319748965
ACGGC 0.6237686412724701 0.0006757857291367731 0.00043856699486454506
ACGGG 0.49232640140300643 0.0004025691366831055 0.00028617748441405876
ACGGT 0.03856134643333085 0.0004313419463279515 0.0004199654583776312
ACGTA -0.021917130857500182 0.00042984075625952475 0.00043642066373143963
ACGTC 0.13676631770380762 0.00037729910386458864 0.0003431745000598588
ACGTG 0.29139928628753914 0.0006345030022550376 0.0005184582092634698
ACGTT -0.023597614496418215 0.00042934035957004914 0.00043642066373143963
ACTAA -0.18023226675334436 0.0010751022873382874 0.0012181621586558435
ACTAC -0.12035182202748623 0.0007876243892345657 0.0008561476408720591
ACTAG -0.2067576680840849 0.0008344114797005326 0.0009629872350533078
ACTAT -0.23725924025903739 0.0010085495276380351 0.0011888289665034023
ACTCA -0.1355538846200186 0.0007646061415186889 0.0008399309167552624
ACTCC 0.022183685314914447 0.0007553488027633907 0.000743822978239541
ACTCG 0.32154780524210475 0.0004443522602543166 0.000355575524384468
ACTCT -0.13171621275055528 0.0008489229836953244 0.0009300768243456909
ACTGA -0.03511341605594714 0.0009409959745588316 0.0009641796412383662
ACTGC 0.09486136456878802 0.0007946299428872238 0.0007440614594765528
ACTGG 0.005066143755725501 0.0006274974486023795 0.0006252978034447183
ACTGT -0.1345661213211653 0.0009945384203327188 0.0010917671030396341
ACTTA -0.34195862867515614 0.0009309880407693199 0.001180005160733969
ACTTC 0.005018323045355964 0.0009845304865432072 0.0009811118090661982
ACTTG -0.1290172349026799 0.001180685988817635 0.0012911374171814284
ACTTT -0.25509707585996616 0.0015247087128320977 0.0018196118383993903
AGAAA -0.2774865268808734 0.0017261183803460192 0.002092195892303781
AGAAC -0.09203050038838927 0.0007723622902055605 0.0008232372301644424
AGAAG -0.08264354981779512 0.0011068774771199868 0.0011721352799125824
AGAAT -0.20734735384344968 0.0011213889811147787 0.0012947146357366042
AGACA -0.18944782605313734 0.0006587722416946034 0.0007512158965869043
AGACC -0.00014545965788761628 0.0004268383761226712 0.000426881414250971
AGACG 0.30036978805409886 0.0004123268721278794 0.00033482765676444876
AGACT -0.2854423245730479 0.000532422077602019 0.0006489074459088782
AGAGA -0.015258914292158435 0.0014276317550738348 0.0014428114839208795
AGAGC 0.02464813161202432 0.0006382559774261046 0.0006274441345778238
AGAGG 0.05922772337914634 0.0009742723544089577 0.0009350849303229369
AGAGT -0.10030661792700557 0.0007606029680028843 0.0008153673493430558
AGATA -0.32482555921630446 0.000977524932890549 0.001224362670818148
AGATC 0.2017620821097089 0.0009632636272404949 0.0008375461043851453
AGATG 0.04368124052983304 0.0012760115581627336 0.0012379561013278158
AGATT -0.026453896645256644 0.0014636603167160766 0.0014907462125602344
AGCAA -0.13133152971365358 0.0011073778738094624 0.0012129155714415856
AGCAC -0.06413136660330065 0.0006925490182342051 0.0007240290355675687
AGCAG 0.0762837292797506 0.0008168975955688872 0.0007748255390510641
AGCAT -0.26016332016985144 0.000988283461714274 0.0011835823792891447
AGCCA -0.22545463914217737 0.0006812900927210046 0.0007965273316191302
AGCCC -0.07675394214735057 0.00041833163240158637 0.0004411902884716739
AGCCG 0.33174724803692535 0.0005969732505443691 0.0004743391804163024
AGCCT -0.1388744919601473 0.0005789589697232481 0.0006374603465323159
AGCGA 0.4496440512904055 0.0005224141438125074 0.00038252390416679185
AGCGC 0.2695743483887734 0.00038780743434357586 0.00032171118872880436
AGCGG 0.619325500846238 0.0005682004408995231 0.00036988439860517096
AGCGT 0.11399795119918903 0.00036003541807768107 0.0003326813256313433
AGCTA -0.08390497169905145 0.0009855312799221584 0.0010445478181113144
AGCTC 0.21884618776316525 0.0008684384545848722 0.0007462077906096582
AGCTG 0.07891949304734953 0.0009312382391140577 0.0008816651332323127
AGCTT 0.016904088280063182 0.0011048758903620846 0.0010920055842766458
AGGAA -0.031028923836650225 0.0011859401540571287 0.001211723165256527
AGGAC -0.15137626990813569 0.0005104046232650934 0.0005668699003768481
AGGAG 0.10469172818950806 0.001122139576148992 0.0010435938931632675
AGGAT -0.07312760933066818 0.0009242326854613995 0.0009722880032967646
AGGCA -0.009730399676643232 0.0006985537785079122 0.0007032811679475494
AGGCC 0.020394324004236453 0.000559943895523176 0.0005520840636821216
AGGCG 0.6647493834396935 0.0005644474657284563 0.00035605248685849144
AGGCT -0.04618786585655908 0.0005979740439233202 0.0006174279226233317
AGGGA -0.0872711312952642 0.0008234027525320698 0.000874749177358973
AGGGC 0.14874778027220092 0.0004663697145912422 0.00042068090208866634
AGGGG 0.3680307458884017 0.000841166835008453 0.0006517692207530188
AGGGT 0.23138380998155547 0.0007153170676053441 0.0006093195605649334
AGGTA -0.2429245755219096 0.00050965402823088 0.0006031190484026289
AGGTC -0.05808792598134404 0.0004285897645358358 0.00044619839444891995
AGGTG 0.009723775325400448 0.000772862686895036 0.0007676711019407126
AGGTT -0.05109775254227083 0.0008746934132033169 0.0009062287006445194
AGTAA -0.28356544208021484 0.0009149753467061013 0.001113707376844712
AGTAC -0.21955116236346217 0.0008649356777585431 0.001007106263900475
AGTAG -0.11296751579598455 0.00093323982587196 0.0010092525950335805
AGTAT -0.26026386898815873 0.001061091180032971 0.0012708665120354326
AGTCA -0.2940584760008566 0.0006440105393550737 0.0007896113757457905
AGTCC -0.1917236981713278 0.0004556111857675172 0.0005203660591595635
AGTCG 0.11229379591544239 0.0003825532691040823 0.000353906155725386
AGTCT -0.3110032252686218 0.0006082321760575697 0.0007545546339050682
AGTGA -0.16233789856663142 0.0008321596945978925 0.0009312692305307495
AGTGC -0.10556651526946405 0.0006372551840471534 0.0006856335564086824
AGTGG -0.026583150053706858 0.0008018856948846198 0.000816798236765126
AGTGT -0.08882578375825029 0.0008796973800980727 0.0009355618927969604
AGTTA -0.20012789120151067 0.0010593397916198067 0.001216969752470785
AGTTC -0.007478394469542021 0.0010450784859697526 0.0010505098490366073
AGTTG -0.13961753366046617 0.00125149212037843 0.001378660031164728
AGTTT -0.07345894961844293 0.0019137671388993625 0.0020137355653269268
ATAAA -0.48887917201778364 0.0016983463640801244 0.002383381482695086
ATAAC -0.3217767739472556 0.0007676085216555425 0.000959410016498132
ATAAG -0.42696141841594654 0.0008186489839820518 0.0011005909088090675
ATAAT -0.3684339052596836 0.001751638611509274 0.0022612790893450875
ATACA -0.34428778446237357 0.0010463294776934416 0.0013283404901552561
ATACC -0.21381457865410064 0.0005772075813100836 0.0006694168322918857
ATACG -0.06677594927630325 0.0003645389882829613 0.0003818084604557567
ATACT -0.1941142765490339 0.0010883627996093903 0.0012451105384381673
ATAGA -0.41148587579717333 0.0009580094620010013 0.0012742052493535966
ATAGC -0.06422762186519458 0.0007410874971133366 0.0007748255390510641
ATAGG -0.25892721025044546 0.0006162385230891789 0.0007373839848402248
ATAGT -0.3164214815922336 0.00099779099881431 0.0012424872448310385
ATATA -0.40863949953629575 0.0025405139924675286 0.0033723631725826706
ATATC -0.26860804027226437 0.0010355709488697165 0.0012474953508082845
ATATG -0.28432755115985836 0.001667822166022114 0.002031144695628782
ATATT -0.37200173686426885 0.0023073291351719074 0.0029860235686236915
ATCAA -0.10631113274239021 0.0014699152753345215 0.0015823230075727333
ATCAC -0.07969197524917576 0.0008469213969374221 0.0008950200825049687
ATCAG -0.08774735353987925 0.0008751938098927925 0.0009300768243456909
ATCAT -0.10712629146502188 0.0016012694063218616 0.0017246963060687274
ATCCA -0.00812056730702676 0.0011088790638778892 0.0011151382642667822
ATCCC 0.202201766642707 0.000713065282502704 0.0006198127349934489
ATCCG 0.3693555836927124 0.0005101544249203556 0.00039492492849140106
ATCCT -0.06671962810197245 0.0009927870319195542 0.00103977819337108
ATCGA 0.5447499224915275 0.0009399951811798803 0.0006443763024056556
ATCGC 0.4589074937572486 0.00047562705334654046 0.0003460362749039994
ATCGG 0.4055493200876925 0.0005847135316522173 0.0004414287697086856
ATCGT 0.35231712686262867 0.0006767865225157243 0.0005301437898770438
ATCTA -0.12460294649409899 0.0012112101868756457 0.0013204706093338694
ATCTC 0.22669230463195864 0.001221718517354633 0.001044070855637291
ATCTG 0.09021186583961682 0.0012630012442363685 0.0011864441541332852
ATCTT -0.06651415258921216 0.001666571174298425 0.001745205692451735
ATGAA -0.1529424911655131 0.0016277904308640676 0.00180983410768191
ATGAC -0.2576782189883249 0.0007576005878660308 0.000905751738170496
ATGAG -0.011140801421484919 0.0009349912142851245 0.0009422393674332884
ATGAT -0.08797624425943978 0.001756392380059292 0.00186683112332771
ATGCA -0.13067457095007806 0.0015322146631742313 0.0016774770211404077
ATGCC -0.026730551646093764 0.0008078904551583267 0.0008229987489274306
ATGCG 0.438630013280863 0.0005271679123625254 0.0003889628975661082
ATGCT 0.0012515587828822537 0.0014216269948001277 0.0014203942476417783
ATGGA -0.06876254258241733 0.0012965278224312323 0.0013598200134408026
ATGGC 0.13336057808786064 0.0009720205693063176 0.0008861962767355353
ATGGG 0.20563264946983553 0.0008789467850638593 0.0007621860334894432
ATGGT -0.00988277648214501 0.0012522427154126434 0.0012608503000809406
ATGTA -0.22761493664277713 0.0013800940695736545 0.001615948861991385
ATGTC -0.13081424645616246 0.0009287362556666798 0.0010168839946179554
ATGTG -0.029314650194206593 0.0015507293406848278 0.001582561488809745
ATGTT -0.12681958837345195 0.0020321109559603375 0.0022188294291570023
ATTAA -0.341201416640801 0.001850717156025439 0.0023445090410621765
ATTAC -0.10577305823700374 0.0009682675941352507 0.0010419245245041856
ATTAG -0.19865658269473746 0.0012214683190098952 0.0014017927111548644
ATTAT -0.29121319846311244 0.002043620079818276 0.00250071425130485
ATTCA -0.046061398343519216 0.0015192043492478662 0.0015684910958260537
ATTCC -0.06421915114443862 0.0009967902054353588 0.0010421630057411973
ATTCG 0.5278926803072906 0.0007973821246793396 0.0005530379886301685
ATTCT 0.009374500996451696 0.0016015196046665994 0.0015911468133421667
ATTGA -0.08892823330393192 0.0015357174400005605 0.0016333579922932404
ATTGC 0.1077814502601786 0.0012324770461783578 0.0011437560127081881
ATTGG 0.07387581239185083 0.0012362300213494247 0.0011745200922826996
ATTGT -0.11412949785390047 0.0017486362313724204 0.0018925870969249753
ATTTA -0.33209853772257647 0.0021376946574396855 0.0026910222784401992
ATTTC -0.016547261384334825 0.0020020871545918025 0.0020251826647034892
ATTTG -0.050057850750504285 0.0025695370004571124 0.002660258198865688
ATTTT -0.21724561720805924 0.004030445135381073 0.004685440863569177
CAAAA -0.30896787399667125 0.0018392080321675008 0.002278449738409931
CAAAC -0.25729981872692353 0.001009800519361724 0.0012069535405162927
CAAAG -0.20290172997832479 0.0009064686029850164 0.0010433554119262558
CAAAT -0.20175765179510494 0.0017196132233828368 0.0019777248985381577
CAACA -0.14205187803769628 0.001026563808459156 0.0011327858758056492
CAACC -0.11809490559874959 0.000734582340150154 0.0007972427753301654
CAACG 0.20054468985461438 0.0004973943093387283 0.0004328434451762639
CAACT -0.14656920443197957 0.0010841094277488478 0.0012000375846429531
CAAGA 0.07550258901481911 0.0010325685687328629 0.0009799194028811396
CAAGC 0.02873833803430334 0.0008181485872925762 0.0008020124000703996
CAAGG 0.003451975955140132 0.000719070042776411 0.0007173515609312407
CAAGT -0.14225687998892342 0.0009700189825484153 0.0010705422729455915
CAATA -0.363257333417882 0.0009785257262695 0.001258703968947835
CAATC 0.06320396979374876 0.0009617624371720682 0.0009205375748652223
CAATG -0.010527157373412295 0.0010921157747804573 0.0011001139463350442
CAATT -0.14070302933996384 0.0015960152410823682 0.001759514566672438
CACAA -0.2035619175432903 0.0010050467508117059 0.0011573494432178559
CACAC -0.007013096322154913 0.0008163971988794117 0.0008203754553203018
CACAG -0.1658190518773842 0.0005246659289151475 0.0005885716929449142
CACAT -0.3102436222597992 0.0011061268820857736 0.0013715055940543765
CACCA -0.17807060880003628 0.0008631842893453785 0.0009765806655629755
CACCC 0.19120354841969003 0.0006417587542524336 0.0005621002756366137
CACCG 0.26067762598420124 0.0006199914982602459 0.0005175042843154229
CACCT 0.1536875448230946 0.0008796973800980727 0.000790803781930849
CACGA 0.22471990588134583 0.0005018978795440085 0.00042950470785809987
CACGC 0.3310241156792407 0.0005381766395309882 0.00042783533919901783
CACGG 0.5118972829297477 0.0005576921104205359 0.00039110922869921365
CACGT 0.16908571312559786 0.0005834625399285283 0.0005189351717374932
CACTA -0.33677611027407606 0.0006890462414078761 0.0008702180338557503
CACTC 0.17316319634670446 0.0006585220433498656 0.0005840405494416916
CACTG -0.007093002923436283 0.0007878745875793035 0.0007917577068788959
CACTT -0.12335887413619184 0.0010057973458459193 0.0010955828028318215
CAGAA -0.1888907351372367 0.0008161470005346739 0.0009303153055827027
CAGAC -0.02720085082707158 0.00038380426082777123 0.00039110922869921365
CAGAG -0.05786971143517998 0.0006657777953472616 0.0006930264747560456
CAGAT 0.012783172270174914 0.0008972112642297182 0.0008892965328166876
CAGCA -0.048438998150743956 0.000809892041916229 0.0008375461043851453
CAGCC 0.004233002551284723 0.0005649478624179318 0.0005632926818216723
CAGCG 0.4826669285062467 0.000537175846152037 0.0003844317540628856
CAGCT -0.049497529516163784 0.0007673583233108047 0.000794142519249013
CAGGA -0.08330724384950525 0.000576707184620608 0.0006109889292240155
CAGGC -0.018219446977068395 0.0004526088056306637 0.00045836093753651744
CAGGG 0.1854284435986691 0.0004783792351386562 0.00042068090208866634
CAGGT -0.03379475101169264 0.00048688597885974104 0.0004984257853544857
CAGTA -0.20392332964246965 0.000737084323597532 0.0008489932037617076
CAGTC -0.15410658878893174 0.0004528590039754015 0.0005039108538057551
CAGTG -0.10498194964574929 0.0007155672659500819 0.0007695789518368064
CAGTT 0.04379067314297317 0.0011266431463542723 0.0010929595092246927
CATAA -0.32064409153349493 0.0009862818749563718 0.0012317555891655113
CATAC -0.17825472935785525 0.0007180692493974598 0.0008125055744989152
CATAG -0.30224497244192977 0.0006535180764551098 0.0008058280998625871
CATAT -0.31693680347909337 0.0015514799357190412 0.0019326519447429435
CATCA -0.058141524611122666 0.0012309758561099312 0.0012815981677009598
CATCC 0.06241294891677617 0.0009024654294692117 0.0008642560029304574
CATCG 0.37054078043209965 0.0007008055636105523 0.0005420678517276296
CATCT 0.030596276912468422 0.0013563252268235643 0.0013278635276812326
CATGA -0.11199046197925348 0.0011741808318544527 0.001268958662139339
CATGC -0.041627499623484415 0.001225221294180962 0.0012610887813179522
CATGG 0.04969121614663841 0.001066095146927727 0.0010300004626535998
CATGT -0.18048847300271925 0.0015664918364033087 0.0017752543283152112
CATTA -0.24159105610672083 0.0010408251141092101 0.0012305631829804527
CATTC 0.03939853732048603 0.0010190578581170222 0.0009916049834947135
CATTG -0.09377430247587157 0.0011966986828808538 0.0012770670241977371
CATTT -0.15241077327696398 0.002102166492486919 0.002336400679003778
CCAAA -0.3253924149774128 0.0011644230964096788 0.0014590282080376763
CCAAC -0.10155670343593401 0.0007746140753082006 0.000831107110985829
CCAAG 0.06042065588342433 0.0007791176455134808 0.0007471617155577051
CCAAT -0.14127209781756142 0.0009510039083483431 0.0010488404803775254
CCACA -0.16652956808925262 0.0007583511829002442 0.0008511395348948131
CCACC 0.09708343892668253 0.0008887045205086332 0.0008308686297488172
CCACG 0.33783670326932086 0.000541929614702055 0.0004287892641470647
CCACT -0.11050954105945641 0.0007355831335291052 0.000794142519249013
CCAGA -0.14707707839040976 0.0005151583918151114 0.0005704471189320238
CCAGC 0.034589233552383705 0.0005977238455785824 0.0005835635869676681
CCAGG 0.10758349920137474 0.00044785503708064567 0.00041567279611142034
CCAGT -0.11467838713922253 0.000577958176344297 0.0006257747659187418
CCATA -0.3195055745330794 0.0007330811500817273 0.0009148140251769412
CCATC 0.12144561344020481 0.001041075312453948 0.0009570252041280149
CCATG 0.005305199609121225 0.001116134815875285 0.00111203800818563
CCATT -0.05764251158437098 0.001195197492812427 0.0012439181322531087
CCCAA -0.13129502560379458 0.0007971319263346018 0.0008730798086998909
CCCAC 0.15122382337156184 0.0006835418778236447 0.000615520072727238
CCCAG -0.040467150384601615 0.000449856623838548 0.0004626535998027283
CCCAT 0.02204089856235758 0.0007756148686871517 0.0007638554021485251
CCCCA 0.28014941347194705 0.0006547690681787988 0.000539206076883489
CCCCC 0.8182902670958424 0.0010958687499515241 0.0006214821036525309
CCCCG 0.6253647427127267 0.00047162387983073584 0.00030573294584901946
CCCCT 0.39419495772905033 0.000941496371248307 0.0007163976359831938
CCCGA 0.4101107260763845 0.0003923110045488561 0.00029523977142050396
CCCGC 0.574340896684243 0.0005124062100229957 0.00034412842500790563
CCCGG 0.21452717635477206 0.00038380426082777123 0.00033077347573524956
CCCGT 0.4903993532599996 0.0004693720947280957 0.0003341122130534136
CCCTA 0.05807310270373044 0.0006465125228024516 0.0006210051411785075
CCCTC 0.47643835807026064 0.0010620919734119223 0.0007633784396745018
CCCTG 0.1698683760028815 0.0005902178952364486 0.0005246587214257744
CCCTT 0.09984555957748907 0.0009760237428221222 0.000910759844147742
CCGAA 0.1063772346702151 0.0004523586072859259 0.00042020393961464294
CCGAC 0.41446996285551513 0.0004948923258913504 0.0003713152860272412
CCGAG 0.4720573981956709 0.0005411790196678417 0.0003901553037511668
CCGAT 0.4044898341488486 0.0006104839611602098 0.000461222712380658
CCGCA 0.32047988131687744 0.00040382012840679447 0.0003233805573878864
CCGCC 0.43091578208800024 0.001030066585285485 0.0007640938833855369
CCGCG 0.8035799812357718 0.0006052297959207162 0.0003467517186150345
CCGCT 0.1939823619306407 0.0005284189040862143 0.0004619381560916932
CCGGA 0.43940723583385216 0.0004466040453569567 0.0003293425883131793
CCGGC 0.34320959474630475 0.0007260755964290692 0.0005723549688281175
CCGGG 0.4194198781491456 0.000428339566191098 0.0003202803013067341
CCGGT 0.10469256283154754 0.000494141730857137 0.000459553343721576
CCGTA 0.18898642834232252 0.00034227133560129795 0.00030024787739774995
CCGTC 0.324489824242074 0.0006417587542524336 0.0005124961783381769
CCGTG 0.38568127010886194 0.0006122353495733743 0.0004686156307280212
CCGTT 0.3624825717811226 0.0006800391009973157 0.0005289513836919852
CCTAA -0.21503570596946678 0.0007043083404368813 0.0008175136804761612
CCTAC -0.08167519761235531 0.0005106548216098312 0.0005403984830685476
CCTAG -0.001389680748718577 0.0006985537785079122 0.0006992269869183503
CCTAT -0.20369004935794546 0.0007545982077291773 0.0008690256276706917
CCTCA 0.15775158370764916 0.0007438396789054523 0.0006667935386847569
CCTCC 0.45128527880001196 0.0013538232433761865 0.0009901740960726432
CCTCG 0.6904891453743192 0.0007093123073316372 0.0004395209198125919
CCTCT 0.27157359018929206 0.0012387320047968027 0.0010261847628614124
CCTGA 0.1011431767142579 0.000708311513952686 0.0006603545452854405
CCTGC 0.2167753237111447 0.000769359910068707 0.0006620239139445226
CCTGG -0.07634758425399994 0.0005656984574521452 0.0005964415737663008
CCTGT -0.021065769209999547 0.0008486727853505867 0.0008611557468493051
CCTTA -0.19850835619235394 0.0006430097459761226 0.0007378609473142481
CCTTC 0.1997068015044099 0.0010298163869407473 0.0008966894511640508
CCTTG -0.04242520781388152 0.0009735217593747444 0.0010025751203972524
CCTTT -0.1009222058913166 0.0014493990110660225 0.0015544207028423624
CGAAA 0.08233913558476591 0.0006069811843338807 0.0005733088937761643
CGAAC 0.21992791738444264 0.0004413498801174631 0.00037894668561161616
CGAAG 0.3905911336308101 0.0005074022431282399 0.00038705504767001445
CGAAT 0.3247041503743511 0.0006505156963182563 0.0005194121342115166
CGACA 0.22011631378861335 0.00048113141693077185 0.00041304950250429146
CGACC 0.4997647750153021 0.0004751266566570649 0.00033602006294950734
CGACG 0.87114129048973 0.0007991335130925041 0.00043689762620546303
CGACT 0.17476223682137534 0.0004113260787489282 0.00036439933015390146
CGAGA 0.4533928093842423 0.0005789589697232481 0.00042282723322177183
CGAGC 0.6732047375871438 0.000686794456305236 0.00043069711404315845
CGAGG 0.6842105237611616 0.0006675291837604261 0.0004154343148744086
CGAGT 0.38820709268050924 0.0004943919292018748 0.0003777542794265576
CGATA 0.05909160353904552 0.00039156040951464274 0.0003758464295304638
CGATC 0.8213581964816684 0.0008516751654874401 0.0004819705800006773
CGATG 0.45508763479476855 0.0007601025713134087 0.0005544688760522388
CGATT 0.6214636700872568 0.0008786965867191216 0.0005711625626430589
CGCAA 0.2764907933590206 0.0004280893678463602 0.00035342919325136255
CGCAC 0.17158369915493354 0.00041633004564368406 0.00036964591736815924
CGCAG 0.325905504375548 0.0003530298644250229 0.00028164634091083616
CGCAT 0.3020699834828593 0.00046661991293598 0.0003784697231375927
CGCCA 0.482291479769158 0.0006189907048812946 0.00044309813836776766
CGCCC 0.46352748841651414 0.0005942210687522534 0.0004309355952801701
CGCCG 0.5362516401476604 0.0011987002696387562 0.0008265759674826064
CGCCT 0.41758207572872363 0.0005679502425547853 0.00042521204559188894
CGCGA 0.8080037579636309 0.00045761277252541954 0.00026137543576484033
CGCGC 0.8110490218418501 0.0008631842893453785 0.0004919867919551693
CGCGG 0.9971228612481424 0.0006935498116131564 0.00034746716232606964
CGCGT 0.6860294971836192 0.0004466040453569567 0.000277592159881637
CGCTA 0.25357635154164027 0.0003670409717303392 0.0003078792769821249
CGCTC 0.7004490718242181 0.0005506865567678778 0.0003388818377936479
CGCTG 0.35671152566198455 0.0006037286058522894 0.0004714774055721618
CGCTT 0.4924966121658765 0.0005549399286284202 0.00039444796601737766
CGGAA 0.17847210554876197 0.00043559531818849394 0.000384908716536909
CGGAC 0.17842555093019952 0.0002882284931379351 0.0002546979611285123
CGGAG 0.45838620384021456 0.000641258357562958 0.0004667077808319275
CGGAT 0.4678036359568744 0.0005679502425547853 0.0004106646901341743
CGGCA 0.4320410198096956 0.0005636968706942429 0.0004178191272445258
CGGCC 0.44023478768790786 0.0007756148686871517 0.0005716395251170824
CGGCG 0.9190757622164933 0.001496686498221465 0.0007915192256418842
CGGCT 0.4958397108668856 0.0006557698615577499 0.00046503841217284547
CGGGA 0.5638145411834493 0.0005594434988337004 0.0003784697231375927
CGGGC 0.5776505975358658 0.0004961433176150393 0.0003324428443943316
CGGGG 0.6842629229434267 0.000569451432623212 0.0003543831181994094
CGGGT 0.7288055393185586 0.00041182647543840377 0.00024849744896620767
CGGTA 0.1486091897123111 0.0003129981292669764 0.0002823617846218713
CGGTC 0.22813887138920355 0.00044610364866748116 0.00038085453550770987
CGGTG 0.5034001274600098 0.0007836212157187611 0.0005527995073931569
CGGTT 0.4648426261416848 0.0007395863070449099 0.0005358673395653251
CGTAA -0.1455423676175714 0.00030399098885641594 0.000336258544186519
CGTAC 0.21197494696605043 0.0003770489055198509 0.00032552688852099184
CGTAG 0.19919095368673145 0.0004123268721278794 0.00035915274293964373
CGTAT 0.1838027688732506 0.0004488558304595968 0.0003951634097284128
CGTCA 0.04845850021598282 0.0005011472845097951 0.00048459387360780617
CGTCC 0.47437837190478344 0.0005231647388467208 0.000376561873241499
CGTCG 0.4559089965993526 0.0007150668692606063 0.0005213199841076104
CGTCT 0.5151210258381881 0.0005984744406127958 0.00041877305219257263
CGTGA 0.38084313407621073 0.0005859645233759062 0.00045001409424110737
CGTGC 0.36291097389815313 0.0006968023900947476 0.0005418293704906179
CGTGG 0.6351383366975699 0.0007540978110397018 0.000485547798555853
CGTGT 0.40885396094800097 0.0007323305550475139 0.0005516071012080983
CGTTA 0.22868734635170113 0.0003705437485566683 0.0003162261202775349
CGTTC 0.4883538007600454 0.0005556905236626335 0.00039611733467645964
CGTTG 0.283729704940726 0.0006717825556209685 0.00055184558244511
CGTTT 0.3306068834147004 0.0009329896275272222 0.0007419151283434473
CTAAA -0.30843912968003334 0.001141404848693802 0.0014134782917684385
CTAAC -0.08823553522095404 0.0006835418778236447 0.0007266523291746975
CTAAG -0.15538031970935534 0.0005897174985469731 0.0006567773267302648
CTAAT -0.12776794022231136 0.0012725087813364045 0.0013903456117783021
CTACA -0.19872893912235587 0.0007858730008214012 0.0009019360383783086
CTACC -0.06424136740440257 0.0005576921104205359 0.0005830866244936448
CTACG 0.13931847004246833 0.0003375175670512799 0.0003064483895600546
CTACT 0.09207320038758038 0.0010973699400199507 0.0010295235001795764
CTAGA -0.060670527801385016 0.0009004638427113094 0.0009391391113521361
CTAGC -0.026156252243392904 0.0008641850827243297 0.0008799957645732306
CTAGG 0.1071443565035239 0.0007228230179474779 0.0006710862009509678
CTAGT -0.16656708928340422 0.0009865320733011094 0.0011072683834453957
CTATA -0.2937716050096532 0.001007548734259084 0.0012350943264836753
CTATC -0.056293325985901824 0.0007323305550475139 0.000761470589778408
CTATG -0.08924954543954018 0.0008664368678269698 0.0009217299810502809
CTATT -0.2963101604462394 0.001282516715125916 0.00157493008922537
CTCAA -0.059896764350335086 0.0009782755279247623 0.001019745769462096
CTCAC 0.18673527532675305 0.0007738634802739872 0.0006799100067204013
CTCAG 0.072566478131498 0.0005361750527730859 0.000509872884731048
CTCAT 0.07504393586737533 0.0011133826340831694 0.0010569488424359236
CTCCA 0.09092905597555372 0.0010208092465301868 0.0009584560915500851
CTCCC 0.4117018589734865 0.0010821078409909456 0.000813459499446962
CTCCG 0.5963684113172315 0.000707060522228997 0.00046766170577997436
CTCCT 0.34428407035489883 0.0013893514083289527 0.001094390396646763
CTCGA 0.580296702235114 0.0006525172830761587 0.00043642066373143963
CTCGC 0.8171001657322389 0.0007508452325581104 0.00042616597053993585
CTCGG 0.620886607664727 0.0006219930850181482 0.0004044641779718697
CTCGT 0.42545830809192636 0.0007340819434606784 0.0005465989952308522
CTCTA -0.14304014246045563 0.0008509245704532268 0.0009396160738261596
CTCTC 0.624700321853361 0.0018374566437543362 0.001191690741347543
CTCTG 0.1677637404990963 0.0010645939568593003 0.0009477244358845579
CTCTT 0.12520856321993534 0.0014651615067845034 0.0013433648080869941
CTGAA 0.04057282492528577 0.0012985294091891347 0.0012625196687400225
CTGAC -0.011611194145716828 0.0006427595476313848 0.0006479535209608314
CTGAG -0.01798808925893498 0.0006104839611602098 0.000618143366334367
CTGAT 0.23997423620756905 0.0013760908960578498 0.0011652193240392426
CTGCA 0.05996167286697228 0.0011298957248358635 0.0010838972222182476
CTGCC 0.008957800976148744 0.0007510954309028483 0.00074644627184667
CTGCG 0.6827878124751795 0.00048388359872288757 0.00030144028358280854
CTGCT 0.27460885519171485 0.0013630805821314847 0.0011268238448803563
CTGGA 0.1412059303594977 0.0007913773644056325 0.0007175900421682523
CTGGC 0.05504073351650756 0.000608982771091783 0.000586186880574797
CTGGG 0.15665932242578057 0.0006167389197786545 0.0005532764698671802
CTGGT 0.026767393539605333 0.0008466711985926843 0.000831107110985829
CTGTA -0.1590924823366298 0.0008814487685112372 0.0009842120651473503
CTGTC 0.021265254504698232 0.0007258253980843314 0.0007152052297981352
CTGTG 0.03978198803570267 0.0009960396104011454 0.0009689492659786006
CTGTT 0.1105908490227672 0.0016453043149957129 0.0015238951045048628
CTTAA -0.13248135633120922 0.0010705987171330071 0.0011735661673346527
CTTAC 0.03429540635208314 0.0006335022088760865 0.0006186203288083903
CTTAG -0.2199604659379364 0.0007508452325581104 0.0008745106961219612
CTTAT -0.2533389364070145 0.0011884421375045068 0.001416578547849591
CTTCA 0.009203559433560715 0.0012079576083940545 0.0012002760658799648
CTTCC 0.16654671067406968 0.0011081284688436758 0.0009873123212285027
CTTCG 0.5298036131302086 0.0007295783732553982 0.0005053417412278254
CTTCT 0.3391814865545552 0.0019365351882705015 0.0015308110603782026
CTTGA 0.03095413256130558 0.0012294746660415044 0.001203376321961117
CTTGC 0.06216892902494005 0.0012297248643862422 0.0011778588296008634
CTTGG 0.3070750891247975 0.001152163377517527 0.0009312692305307495
CTTGT 0.09302940030591798 0.001740880082685549 0.0016321655861081818
CTTTA -0.22896071791491465 0.0011421554437280154 0.0013385951833467598
CTTTC 0.07312432199232458 0.0013803442679183923 0.0013121237660384593
CTTTG -0.009399406083417959 0.001568493423161211 0.0015787457890175576
CTTTT -0.13340959161428345 0.0026948863711707457 0.002955974932760215
GAAAA -0.35774241732898665 0.001842460610649092 0.0023609642464159845
GAAAC -0.10768128090863847 0.0009552572802088855 0.0010292850189425648
GAAAG -0.13769587731274005 0.0009264844705640397 0.0010192688069880725
GAAAT -0.10449204128760246 0.0015644902496454063 0.0016820081646436304
GAACA -0.04646058976849379 0.0009262342722193019 0.0009565482416539914
GAACC -0.08097686169367527 0.0005724538127600655 0.000605503860772746
GAACG 0.34526888713301945 0.0004338439297753294 0.0003415051314007768
GAACT -0.030932294471364648 0.0009329896275272222 0.0009532095043358273
GAAGA 0.08850171596980148 0.0012987796075338725 0.0012215008959740074
GAAGC 0.06820014478163648 0.0007243242080159046 0.0006908801436229402
GAAGG 0.060088527687159006 0.0007901263726819436 0.0007578933712232323
GAAGT -0.048180099613649746 0.0008619332976216896 0.0008912043827127813
GAATA -0.22894915493731022 0.0009732715610300066 0.001140655756627036
GAATC 0.2615082833975186 0.0009282358589772042 0.0007743485765770407
GAATG 0.02730039613661242 0.0009510039083483431 0.0009331770804268432
GAATT -0.014600492618175975 0.0016818332733274303 0.0016989403324714622
GACAA -0.2534184478314821 0.0008406664383189774 0.001002098157923229
GACAC -0.07479279082283817 0.0005149081934703736 0.0005423063329646413
GACAG -0.14803423504522806 0.0004803808218965585 0.0005322901210101493
GACAT -0.21306585747459475 0.0008173979922583628 0.0009474859546475462
GACCA -0.11337791888887233 0.00059347047371804 0.0006419914900355385
GACCC 0.15386389845357798 0.0003950631863409718 0.0003550985619104446
GACCG 0.24632792304229198 0.000433093334741116 0.00036511477386493664
GACCT -0.011173300055291933 0.0004891377639623812 0.0004929407169032162
GACGA 0.5334554635364938 0.0007583511829002442 0.0005239432777147392
GACGC 0.6897030987542644 0.0004523586072859259 0.0002804539347257776
GACGG 0.6091174562713361 0.0006587722416946034 0.00043188952022821703
GACGT 0.21575076283883737 0.00040407032675153227 0.0003479441248000931
GACTA -0.24003274753695839 0.000576707184620608 0.0006811024129054599
GACTC -0.0357730784261014 0.0004110758804041904 0.0004213963457997015
GACTG -0.023627551829314624 0.0005534387385599934 0.0005625772381106372
GACTT -0.2367572296332298 0.0007816196289608588 0.0009210145373392457
GAGAA -0.08504479099479391 0.0011441570304859176 0.0012136310151526209
GAGAC 0.10103553922345876 0.0004928907391334481 0.000459553343721576
GAGAG 0.2429635489121479 0.0014111186643211407 0.001192406185058578
GAGAT 0.08565772787461062 0.0010806066509225188 0.0010183148820400256
GAGCA 0.1887417800682324 0.0008589309174848361 0.0007536007089570213
GAGCC -0.10333266364702892 0.0004923903424439725 0.0005289513836919852
GAGCG 0.7422151585617935 0.0005704522260021632 0.00034102816892675334
GAGCT 0.2855484797265493 0.0009342406192509112 0.0007664786957556541
GAGGA 0.23387340465560147 0.001287270483675934 0.0010946288778837748
GAGGC 0.42105806796718925 0.0007676085216555425 0.0005733088937761643
GAGGG 0.2678757211179112 0.0010190578581170222 0.0008463699101545788
GAGGT 0.17879439530459526 0.0007148166709158686 0.000631498315607023
GAGTA -0.11974221555944733 0.0008654360744480186 0.0009403315175371947
GAGTC -0.03789648576101718 0.00043509492149901833 0.00044667535692294335
GAGTG 0.09825421328574488 0.0006650272003130482 0.0006212436224155192
GAGTT 0.039599993509559554 0.001074351692304074 0.0010452632618223497
GATAA -0.30658028466698434 0.0009552572802088855 0.0011814360481560392
GATAC -0.0360686285407865 0.0005784585730337726 0.0005931028364481367
GATAG -0.2123030009626984 0.0006862940596157604 0.0007950964441970599
GATAT -0.22585323003577326 0.001152163377517527 0.0013474189891161932
GATCA 0.19999529110392464 0.0010796058575435676 0.0009398545550631713
GATCC 0.33315362131692267 0.0007826204223398099 0.0006212436224155192
GATCG 0.8345267204800435 0.0008824495618901885 0.00049484856679931
GATCT 0.34339811500997136 0.0012589980707205636 0.0009923204272057487
GATGA 0.12226290254834545 0.0014063648957711227 0.0012920913421294753
GATGC 0.2257749411336555 0.0009657656106878728 0.0008258605237715712
GATGG 0.29269164216579924 0.0012552450955494968 0.001024753875439342
GATGT 0.13525574689708716 0.0013192958718023712 0.0012012299908280117
GATTA -0.11029529962445059 0.0011992006663282316 0.0012944761544995925
GATTC 0.3530594710581639 0.0011206383860805653 0.0008773724709661018
GATTG 0.32158740120320345 0.0014123696560448295 0.0011301625821985204
GATTT 0.1867407576190599 0.0022863124742139333 0.0020087274593496808
GCAAA -0.1325305803586522 0.0011786844020597329 0.0012920913421294753
GCAAC -0.006617670640266851 0.0007558491994528663 0.0007593242586453026
GCAAG 0.1400230556350865 0.0008669372645164454 0.0007867496009016498
GCAAT 0.003102293566470693 0.001078104667475141 0.0010757888601598492
GCACA -0.13312473383749093 0.0007761152653766273 0.0008511395348948131
GCACC 0.0007334759147415378 0.0005714530193811144 0.0005711625626430589
GCACG 0.3129459000658429 0.0006470129194919272 0.000520843021633587
GCACT 0.01711903156098463 0.0006943004066473697 0.0006861105188827059
GCAGA 0.07412129360729279 0.0006607738284525057 0.0006276826158148355
GCAGC 0.2470532244974921 0.0008499237770742756 0.0007161591547461821
GCAGG 0.13609494693400387 0.0005576921104205359 0.0005074880723609309
GCAGT -0.006004994134939186 0.0007060597288500458 0.0007090047176358306
GCATA -0.2534839098770604 0.0008634344876901163 0.0010292850189425648
GCATC 0.008690959639810045 0.0008236529508768075 0.0008187060866612197
GCATG 0.029977363118961747 0.0012620004508574173 0.001236048251431722
GCATT -0.07703188997498699 0.0011399036586253752 0.0012024223970130703
GCCAA -0.13194339093241023 0.0007626045547607866 0.0008356382544890516
GCCAC 0.07119536620721185 0.0007228230179474779 0.0006880183687787996
GCCAG 0.059453207012046067 0.0005169097802282759 0.0004960409729843685
GCCAT 0.05787228613491022 0.0009525050984167699 0.0009150525064139528
GCCCA -0.0957868149894384 0.0006422591509419092 0.0006863490001197175
GCCCC 0.20565872372471306 0.0004851345904465765 0.00042068090208866634
GCCCG 0.3625248093228345 0.00046236654107543757 0.0003596297054136672
GCCCT 0.15574651313187488 0.0005929700770285644 0.0005322901210101493
GCCGA 0.5064763908105852 0.0007195704394658865 0.000506534147412884
GCCGC 0.473172675115068 0.0010510832462434594 0.0007571779275121971
GCCGG 0.488469196448756 0.0007966315296451262 0.0005678238253248949
GCCGT 0.2458846083421049 0.0006620248201761946 0.0005582845758444263
GCCTA -0.1518509627943086 0.0004986453010624172 0.0005539919135782155
GCCTC 0.20600799372313863 0.0007300787699448738 0.0006329292030290933
GCCTG 0.02643910767609001 0.000682040687755218 0.0006696553135288975
GCCTT 0.03848202047986046 0.0008604321075532628 0.000837784585622157
GCGAA 0.432068790589722 0.0005119058133335201 0.00037942364808563956
GCGAC 0.6787122162556354 0.0006004760273706981 0.0003751309858194287
GCGAG 0.8352979095235928 0.0007008055636105523 0.0003927785973582956
GCGAT 0.7559347136215997 0.0005932202753733022 0.0003512828621182571
GCGCA 0.38312245197783135 0.00042733877281214683 0.00032767321965409727
GCGCC 0.5550358605477761 0.0007000549685763389 0.00047648551154940783
GCGCG 0.804229462807648 0.00093323982587196 0.0005344364521432547
GCGCT 0.7504617964760957 0.0004978947060282038 0.0002959552151315391
GCGGA 0.57252051287224 0.0005114054166440446 0.00034388994377089396
GCGGC 0.8939507503075729 0.0013618295904077957 0.0007328528413370021
GCGGG 0.9172984294167665 0.0006872948529947115 0.00036392236767987806
GCGGT 0.6148661350389552 0.0005799597631021993 0.00037870820437460443
GCGTA 0.226318863917112 0.00029823642692744675 0.000254936442365524
GCGTC 0.551543915413711 0.0004683713013491445 0.00031956485759569893
GCGTG 0.6007289721957185 0.000709562505676375 0.0004679001870169861
GCGTT 0.5416310568991294 0.0005089034331966667 0.00034961349345917513
GCTAA 0.01269211085912694 0.000876945198305957 0.0008692641089077035
GCTAC 0.07088023360257144 0.0006435101426655981 0.0006126582978830975
GCTAG 0.12608832633957356 0.000983529693164256 0.0009012205946672733
GCTAT -0.18675710901911746 0.0008261549343241855 0.0009403315175371947
GCTCA 0.11219466908401916 0.0007753646703424139 0.0007173515609312407
GCTCC 0.40066309041840054 0.0007593519762791953 0.0005752167436722581
GCTCG 0.6649899036112678 0.000786123199166139 0.0004958024917473567
GCTCT 0.24869748485908522 0.0008982120576086693 0.0007559855213271385
GCTGA 0.1624350609299393 0.0009314884374587955 0.0008322995171708876
GCTGC 0.24741309215602938 0.0011023739069147066 0.0009286459369236207
GCTGG 0.23688808162889272 0.0008276561243926123 0.0007023272429995026
GCTGT 0.1477601503691431 0.0010007933789511635 0.0009033669258003788
GCTTA -0.00019685424223298041 0.0008631842893453785 0.0008633020779824106
GCTTC 0.33622806561460705 0.0010128028994985775 0.0008022508813074114
GCTTG 0.2714660308510316 0.0013062855578760062 0.0010822278535591655
GCTTT 0.050649182041729586 0.0013535730450314487 0.0013068771788242017
GGAAA -0.04943259458317985 0.0012319766494888822 0.0012749206930646319
GGAAC -0.017562380458312953 0.0005732044077942789 0.0005802248496495041
GGAAG 0.2043527351236938 0.0009680173957905129 0.0008401693979922742
GGAAT 0.1030432067500011 0.0010250626183907292 0.0009544019105208859
GGACA -0.32078537003407265 0.0005376762428415126 0.0006715631634249912
GGACC 0.015320627801145282 0.0004208336158489643 0.00041638823982245547
GGACG 0.3328046372816166 0.0005033990696124353 0.0003996945532316354
GGACT -0.16893258289553276 0.0005116556149887823 0.0005752167436722581
GGAGA 0.22665478300148567 0.001171178451717599 0.0010009057517381705
GGAGC 0.3074048611107238 0.0007611033646923598 0.0006150431102532146
GGAGG 0.2860005478713291 0.0013323061857287365 0.001092721027987681
GGAGT 0.004731148324248274 0.0008431684217663553 0.0008404078792292859
GGATA -0.21411434403398025 0.0006953012000263209 0.0008065435435736223
GGATC 0.4009392496081597 0.0008026362899188332 0.0006078886731428632
GGATG 0.2465648233535617 0.0010878624029199149 0.0009169603563100465
GGATT 0.22288033794385934 0.0013370599542787546 0.001145663862604282
GGCAA 0.09086439847344187 0.0008056386700556866 0.000756462483801162
GGCAC 0.21431637888712474 0.0005987246389575336 0.0005160733968933526
GGCAG 0.16727065233393199 0.000670031167207804 0.0005966800550033125
GGCAT -0.0004003748251771856 0.0007593519762791953 0.0007595627398823142
GGCCA 0.0556180746749004 0.0006350033989445133 0.0006109889292240155
GGCCC 0.08915108755108599 0.0005464331849073352 0.0005136885845232355
GGCCG 0.47727265418947384 0.0008103924386057047 0.0005821326995455978
GGCCT 0.04293954464675315 0.0006402575641840069 0.0006214821036525309
GGCGA 0.9607303318325803 0.0008972112642297182 0.0004609842311436463
GGCGC 0.8001351421237236 0.000796881727989864 0.0004576454938254823
GGCGG 0.8013826955812298 0.0013320559873839987 0.0007643323646225486
GGCGT 0.660925856595736 0.0005346738627046592 0.0003381663940826128
GGCTA 0.1482605789794993 0.0006802892993420534 0.000613850704068156
GGCTC 0.3500859488489626 0.0005939708704075156 0.0004659923371208923
GGCTG 0.2734668842374643 0.000801635496539882 0.0006632163201295812
GGCTT 0.06575842166122373 0.0008389150499058129 0.0008015354375963763
GGGAA 0.24712179997189046 0.0008992128509876205 0.0007576548899862205
GGGAC 0.06919648117544108 0.0005171599785730137 0.0004929407169032162
GGGAG 0.2875798546341844 0.0011238909645621567 0.0009207760561022341
GGGAT 0.31606144579248696 0.0008701898429980367 0.0006989885056813385
GGGCA 0.2999952366891164 0.0005957222588206801 0.000483878429896771
GGGCC -0.05156572655240568 0.0005244157305704097 0.0005434987391496999
GGGCG 0.7865893325977305 0.0006960517950605343 0.00040351025302382286
GGGCT 0.26076290856972895 0.0005734546061390167 0.00047863184268251327
GGGGA 0.5323360536041662 0.0010478306677618682 0.000724505998041592
GGGGC 0.4821855702835361 0.0005869653167548574 0.00042020393961464294
GGGGG 0.7713774419355061 0.0011926955093650492 0.0006987500244443268
GGGGT 0.47806421321407855 0.0007005553652658145 0.0005029569288577082
GGGTA 0.10826884527664608 0.0005056508547150754 0.00046909259320204467
GGGTC 0.283056292260034 0.00043584551653323174 0.0003581988179915969
GGGTG 0.4264133260659425 0.0008076402568135889 0.0006009727172695234
GGGTT 0.5725887821720208 0.001180685988817635 0.0007939040380120013
GGTAA -0.09624877045946881 0.0005559407220073713 0.0005942952426331953
GGTAC -0.06346890169778878 0.00044160007846220093 0.0004614611936176697
GGTAG 0.0061767635495186615 0.0006219930850181482 0.0006193357725194255
GGTAT -0.12583835222623152 0.0006602734317630301 0.000720451817012393
GGTCA -0.0934745751714606 0.0005764569862758701 0.0006150431102532146
GGTCC -0.13353475991586325 0.0004145786572305195 0.0004547837189813417
GGTCG 0.3834596557338268 0.000504900259680862 0.00038705504767001445
GGTCT 0.17020204282180998 0.0006142369363312766 0.0005458835515198171
GGTGA 0.1614983472336409 0.0008639348843795919 0.000772440726680947
GGTGC 0.25346244343297114 0.0007240740096711669 0.0006074117106688397
GGTGG 0.48587745324362064 0.001318545276768158 0.0009415239237222533
GGTGT 0.049718370060226516 0.0009387441894561914 0.0009069441443555546
GGTTA 0.1298228401269419 0.0008511747687979646 0.0007779257951322164
GGTTC 0.2920786988299151 0.0008599317108637873 0.0007023272429995026
GGTTG 0.31456828971527007 0.0013405627311050836 0.0010779351912929547
GGTTT 0.25427346556885333 0.0016853360501537594 0.0014130013292944152
GTAAA -0.24422011385640396 0.0009867822716458472 0.0011687965425944183
GTAAC -0.1878487621270669 0.0005234149371914585 0.000596203092529289
GTAAG -0.413954517902212 0.0004308415496384759 0.0005740243374871996
GTAAT -0.24791459741414543 0.0010208092465301868 0.0012122001277305506
GTACA -0.0957134076728035 0.0008491731820400622 0.000907421106829578
GTACC -0.10120505042508963 0.000504900259680862 0.0005415908892536062
GTACG 0.0023527314777654715 0.00036403859159348575 0.0003634454052058546
GTACT -0.1438257294284154 0.0009937878252985054 0.0010979676152019387
GTAGA -0.08626784327218076 0.0007916275627503703 0.0008404078792292859
GTAGC -0.041123568369285865 0.00065802164666039 0.0006770482318762607
GTAGG -0.052039815529894506 0.0005822115482048394 0.0006035960108766523
GTAGT -0.14272469840241012 0.000943998354695685 0.0010421630057411973
GTATA -0.2066958705196242 0.0009735217593747444 0.0011234851075621922
GTATC -0.0960737603378151 0.000647263117836665 0.000691834068570987
GTATG -0.10559794271971107 0.0008469213969374221 0.0009112368066217654
GTATT -0.17278310624294219 0.0011714286500623368 0.0013204706093338694
GTCAA -0.24496947933570928 0.0008206505707399541 0.0009725264845337763
GTCAC -0.08661319769934352 0.0005682004408995231 0.0006033575296396405
GTCAG -0.033703426408850025 0.0005787087713785103 0.0005923873927371016
GTCAT -0.22288551984444782 0.0008529261572111292 0.0009954206832869011
GTCCA -0.20713474727181042 0.0006079819777128319 0.0007018502805254791
GTCCC 0.1277079487296515 0.0004721242765202114 0.0004321280014652287
GTCCG 0.3579577121276043 0.0003765485088303753 0.00029380888399843365
GTCCT -0.031922120612652316 0.0006685299771393773 0.000683487225275577
GTCGA 0.39502327526622705 0.0005099042265756178 0.00038777049138104963
GTCGC 0.262857183968573 0.0005079026398177155 0.00042330419569579523
GTCGG 0.5117646621790881 0.0005559407220073713 0.00038991682251415506
GTCGT 0.20474292340315847 0.0006082321760575697 0.0005277589775069267
GTCTA -0.21881330547798528 0.0005922194819943511 0.0006892107749638582
GTCTC 0.15362160152067372 0.0006602734317630301 0.0005935797989221602
GTCTG 0.11967017834318802 0.0006767865225157243 0.0006229129910746012
GTCTT -0.015110919006629909 0.0010643437585145625 0.0010755503789228375
GTGAA -0.127580838346343 0.0010358211472144543 0.0011315934696205906
GTGAC -0.08232960944136225 0.000605479994265454 0.0006410375650874916
GTGAG 0.1714409065253072 0.0007240740096711669 0.0006429454149835854
GTGAT 0.16404178577200357 0.001262250649202155 0.0011265853636433446
GTGCA -0.08204898851076532 0.0009054678096060652 0.0009584560915500851
GTGCC -0.00907243190513928 0.0006417587542524336 0.0006458071898277259
GTGCG 0.55088758982585 0.0005596936971784382 0.00038204694169276845
GTGCT 0.10038034270161136 0.0010998719234673287 0.0010259462816244007
GTGGA 0.24447410599328928 0.0010978703367094263 0.000926738087027527
GTGGC 0.37633847743189297 0.0009289864540114176 0.0007156821922721586
GTGGG 0.41927698518964385 0.0009742723544089577 0.0007285601790707912
GTGGT 0.24884661914179163 0.0012522427154126434 0.0010538485863547714
GTGTA -0.19145884527208964 0.0008351620747347459 0.0009536864668098508
GTGTC 0.025904918264145885 0.0007145664725711308 0.0007018502805254791
GTGTG 0.15653894234803623 0.0013117899214602376 0.0011769049046528167
GTGTT 0.19853635197712266 0.0015872582990165453 0.0013831911746679507
GTTAA -0.18703717146267712 0.0010285653952170582 0.0011709428737275238
GTTAC -0.017000140268515977 0.0006542686714893232 0.0006620239139445226
GTTAG 0.08362355181072076 0.0009052176112613274 0.0008542397909759654
GTTAT -0.159609444875201 0.0011311467165595526 0.0012634735936880694
GTTCA -0.014018704986783658 0.0011714286500623368 0.0011828669355781094
GTTCC 0.05904172302466879 0.0007438396789054523 0.0007140128236130766
GTTCG 0.7434560353424644 0.0007753646703424139 0.00046313056227675176
GTTCT 0.2901536229630109 0.0015081956220794035 0.0012334249578245932
GTTGA 0.008318953587134886 0.0012655032276837463 0.0012582270064738117
GTTGC 0.22771611625561813 0.0011781840053702573 0.0010061523389524281
GTTGG 0.17153744361931253 0.0012787637399548492 0.001135409169412778
GTTGT 0.07695906223751109 0.001585256712258643 0.001502908755647832
GTTTA -0.06694729219967134 0.0014486484160318091 0.0015174561111055466
GTTTC 0.15202183302555553 0.0015202051426268174 0.0013681668567362127
GTTTG 0.15672651358807252 0.002014597071828692 0.001807210814074781
GTTTT 0.04107690356108195 0.002771196866315772 0.0026934070908103164
TAAAA -0.44985950744817726 0.0020581315838130677 0.002811216821894104
TAAAC -0.36679872176432393 0.0009062184046402786 0.0011685580613574067
TAAAG -0.42580761733124867 0.0007781168521345296 0.0010452632618223497
TAAAT -0.30733838240545275 0.0018834931391860897 0.002330677129315497
TAACA -0.2643940477451373 0.0009617624371720682 0.0011552031120847506
TAACC -0.0995860772214925 0.0006672789854156883 0.0007149667485611235
TAACG 0.06799573616989003 0.00030048821203008686 0.00028665444688808216
TAACT -0.2600969273218424 0.00103632154390393 0.0012410563574089682
TAAGA -0.42052704277817937 0.0008028864882635709 0.0010745964539747906
TAAGC -0.27504018707748823 0.0005812107548258882 0.0007032811679475494
TAAGG -0.1953293026669992 0.0005644474657284563 0.0006462841523017493
TAAGT -0.30415920166667537 0.0008631842893453785 0.0010657726482053572
TAATA -0.4373654725757093 0.0015452249771005966 0.002092434373540793
TAATC -0.09688432920038827 0.0011073778738094624 0.00118429782300018
TAATG -0.27225484939360717 0.0011459084188990823 0.0013839066183789859
TAATT -0.16870765648723357 0.0025790445375571485 0.0028989779171144153
TACAA -0.2322175251830756 0.0011554159559991183 0.0013571967198336738
TACAC -0.08650355484367393 0.0007508452325581104 0.0007972427753301654
TACAG -0.20914517744620129 0.0006254958618444772 0.0007230751106195218
TACAT -0.21837369729938597 0.001356575425168302 0.001578268826543534
TACCA -0.21349763631782015 0.0007628547531055244 0.0008845269080764533
TACCC -0.028936192443108806 0.0004976445076834661 0.0005077265535979426
TACCG 0.06341876003362316 0.00031174713754328744 0.00029834002750165625
TACCT -0.1098976773238263 0.0007761152653766273 0.0008375461043851453
TACGA 0.007637128096707531 0.0003788002939330154 0.00037680035447851067
TACGC 0.1974108487264339 0.00030599257561431825 0.0002668605042161098
TACGG 0.011392029652578592 0.00031825229450647 0.0003157491578035115
TACGT 0.05370014485227302 0.00046336733445438873 0.0004464368756859317
TACTA -0.03775928491274377 0.0012712577896127155 0.0013049693289281078
TACTC -0.03085069567488876 0.0009407457762140938 0.000961079385157214
TACTG 0.03686004548496793 0.0010375725356276187 0.001011398926166686
TACTT -0.13917457631043742 0.0013525722516524975 0.0014895538063751758
TAGAA -0.3019305753280617 0.0011308965182148148 0.0013941613115704896
TAGAC -0.3225628327159505 0.0005236651355361963 0.0006548694768341711
TAGAG -0.20345464498107577 0.0007793678438582186 0.0008974048948750859
TAGAT -0.10858675960320927 0.0013488192764814306 0.001454258583297442
TAGCA -0.2868664271300895 0.0009760237428221222 0.0011907368163994961
TAGCC 0.05735023832733274 0.0006372551840471534 0.0006124198166460857
TAGCG 0.10166356254220367 0.00035978521973294326 0.00033530461923847216
TAGCT -0.004232419497247552 0.0012314762527994066 0.0012350943264836753
TAGGA -0.13126145866277414 0.0008811985701664995 0.0009651335661864131
TAGGC -0.09453590485171624 0.0005516873501468289 0.0005890486554189377
TAGGG 0.07849540083607186 0.0006620248201761946 0.0006269671721038004
TAGGT -0.1112626828672554 0.0007510954309028483 0.0008113131683138566
TAGTA -0.19659406704573623 0.0012429853766573451 0.0014244484286709774
TAGTC -0.40502761042483104 0.0005914688869601377 0.0007831723823464741
TAGTG -0.058698353468456074 0.0009662660073773484 0.00100639082018944
TAGTT -0.17200163413908473 0.0016072741665955686 0.0018107880326299567
TATAA -0.44782615260592856 0.0014576555564423696 0.001988218072966673
TATAC -0.265422335648105 0.0009344908175956489 0.0011232466263251806
TATAG -0.3561174059059983 0.0009537560901404588 0.0012207854522629724
TATAT -0.3551469224160961 0.0028417527995318287 0.0036349310145325697
TATCA -0.3131147618125351 0.0011238909645621567 0.001396307642703595
TATCC -0.09399368623814344 0.0007103131007105883 0.000758131852460244
TATCG 0.11138588046615584 0.00046011475597279746 0.0004259274893029241
TATCT -0.11913410408737374 0.0013510710615840709 0.0014673750513330864
TATGA -0.2680625096800797 0.0012084580050835299 0.0014552125082454887
TATGC -0.07467084165694957 0.0010856106178172746 0.0011432790502341648
TATGG -0.16176685526058382 0.0009597608504141658 0.0010736425290267437
TATGT -0.1942106659188913 0.0016137793235587513 0.0018463217369447025
TATTA -0.28625592322877835 0.001762397140332999 0.0021491929079495813
TATTC -0.15533989926837546 0.0012257216908704376 0.0013650666006550603
TATTG -0.13051966158028225 0.0014576555564423696 0.0015956779568453894
TATTT -0.39082217777775724 0.0030178924342272335 0.003956880684498385
TCAAA -0.2566538420790281 0.0015807531420533628 0.0018885329158957762
TCAAC -0.1474968934343271 0.0009247330821508751 0.0010242769129653185
TCAAG -0.023191395298580986 0.0009382437927667158 0.0009534479855728391
TCAAT -0.060036554129759036 0.0014443950441712667 0.0015057705304919724
TCACA -0.19550008955454307 0.000940495577869356 0.0010769812663449078
TCACC 0.10386002776228302 0.0008641850827243297 0.0008041587312035051
TCACG 0.2827758327055799 0.00047637764838075387 0.00039158619117323705
TCACT -0.04475038600753359 0.0009802771146826647 0.0010111604449296744
TCAGA 0.03738653575293208 0.0009314884374587955 0.0009076595880665897
TCAGC 0.004260468916717568 0.00070105576195529 0.0006989885056813385
TCAGG -0.02061660398663586 0.0005687008375889987 0.0005768861123313401
TCAGT -0.05588065187467594 0.0009945384203327188 0.0010338161624457872
TCATA -0.2110926833900738 0.0011714286500623368 0.0013560043136486152
TCATC 0.1393954924593619 0.0014223775898343412 0.0012913758984184401
TCATG -0.08454090518921663 0.0013728383175762586 0.0014556894707195122
TCATT -0.07686003209932925 0.0017213646117960012 0.001815557657370191
TCCAA -0.09026723673496487 0.001158168137791234 0.0012329479953505698
TCCAC -0.09923251040025435 0.0007778666537897918 0.0008332534421189344
TCCAG -0.011354596152160201 0.0006405077625287447 0.0006455687085907142
TCCAT -0.03273727801356505 0.0013635809788209604 0.0013948767552815248
TCCCA -0.12344859676695469 0.0007601025713134087 0.0008280068549046766
TCCCC 0.6396228887387169 0.000988283461714274 0.0006343600904511635
TCCCG 0.44545682432465605 0.0004806310202412963 0.00035295223077733915
TCCCT 0.19371954272171132 0.0010741014939593362 0.0009391391113521361
TCCGA 0.31187630165526664 0.0005106548216098312 0.0004113801338452095
TCCGC 0.3829506446171034 0.00055043635842314 0.00042211178951073665
TCCGG 0.35436366068608544 0.0004798804252070829 0.0003753694670564404
TCCGT 0.41741587388173096 0.0006650272003130482 0.0004979488228804622
TCCTA -0.18771766196368772 0.0008766949999612192 0.0009985209393680533
TCCTC 0.4255592751867261 0.0014506500027897115 0.0010800815224260602
TCCTG 0.030165789735784 0.0009214805036692838 0.0009024130008523319
TCCTT -0.06153488810978396 0.0014376396888633465 0.001500285462040703
TCGAA 0.30776401953366317 0.0006582718450051278 0.0005318131585361259
TCGAC 0.3942238147216898 0.0005246659289151475 0.000399217590757612
TCGAG 0.458266916302315 0.0006107341595049476 0.0004445290257898379
TCGAT 0.6959373942123653 0.0011439068321411798 0.00070614294279169
TCGCA 0.32797466344527054 0.00044034908673851197 0.0003508058996442337
TCGCC 0.473909450726738 0.000789625975992468 0.0005685392690359301
TCGCG 0.9299488705872021 0.0004888875656176433 0.000256605811024606
TCGCT 0.5935522171924453 0.0006822908860999558 0.00045216042537421286
TCGGA 0.32543559790952675 0.0004981449043729416 0.00039754822209852995
TCGGC 0.5172054753248412 0.0007160676626395575 0.0005003336352505794
TCGGG 0.6128534041202713 0.0005211631520888184 0.0003407896876897416
TCGGT 0.659494999226796 0.0007793678438582186 0.0004934176793772396
TCGTA 0.160427210850468 0.00047362546658863815 0.0004237811581698187
TCGTC 0.429199486856351 0.0008429182234216175 0.0006260132471557536
TCGTG 0.5147297783200695 0.0008173979922583628 0.0005721164875911058
TCGTT 0.4115676653893815 0.0009202295119455949 0.000691834068570987
TCTAA -0.31647014594107714 0.001033569362111814 0.0012870832361522293
TCTAC 0.0297268938235171 0.0008299079094952524 0.0008129825369729386
TCTAG -0.10558805865395342 0.0009557576768983612 0.0010283310939945178
TCTAT -0.1984457057738965 0.0013035333760838905 0.0014957543185374804
TCTCA 0.09790777781696827 0.001117385807598974 0.001044070855637291
TCTCC 0.3770851227934953 0.0013240496403523893 0.0010195072882250842
TCTCG 0.6393778192263506 0.0008138952154320338 0.000522512390292669
TCTCT 0.374365727470588 0.0022270154665110765 0.0017180188314323995
TCTGA 0.12851230647357073 0.0013540734417209243 0.001238671545038851
TCTGC 0.2096507533958036 0.0010653445518935135 0.0009212530185762575
TCTGG 0.15323523434083638 0.0008489229836953244 0.0007633784396745018
TCTGT 0.08374478974459632 0.00142137679645539 0.0013412184769538886
TCTTA -0.11061988833182246 0.001208207806738792 0.0013044923664540845
TCTTC 0.33126817693929644 0.001949045105507391 0.0015491741156281047
TCTTG 0.28039328513244133 0.0019162691223467403 0.0015777918640695106
TCTTT -0.022639823191891364 0.0024819675797988854 0.0025212236376878578
TGAAA -0.3162866369190552 0.0017243669919328548 0.0021470465768164758
TGAAC -0.0011286998521197582 0.0010718497088566961 0.0010726886040786968
TGAAG -0.09091863742935093 0.0010871118078857015 0.0011578264056918794
TGAAT -0.02220843395168794 0.001748135834682945 0.0017752543283152112
TGACA -0.2859389255287227 0.0009735217593747444 0.0011869211166073087
TGACC -0.1986429935456819 0.000587465713444333 0.0006741864570321201
TGACG 0.4369701551676892 0.0005559407220073713 0.0004106646901341743
TGACT -0.19978662050642182 0.0008679380578953965 0.0009968515707089714
TGAGA -0.09509075022122805 0.0009480015282114897 0.0010125913323517446
TGAGC 0.10161795886781876 0.0007656069348976402 0.0007135358611390531
TGAGG 0.2129998957260517 0.0008096418435714912 0.000698511543207315
TGAGT -0.11092428737275947 0.0009407457762140938 0.0010159300696699085
TGATA -0.20318468589343566 0.0013087875413233842 0.0015067244554400193
TGATC 0.302725413195866 0.0013828462513657703 0.001121100295192075
TGATG 0.15620212619814364 0.0018254471232069223 0.0016381276170334747
TGATT 0.16976902446920322 0.002363123366048435 0.002100781216836203
TGCAA -0.04591990913086917 0.0015392202168268896 0.0015890004822090612
TGCAC -0.06244967313800611 0.0009767743378563357 0.0010199842506991078
TGCAG 0.03225161785657226 0.000925984073874564 0.0009055132569334843
TGCAT -0.06302468192052733 0.001879489965670285 0.0019634160243174547
TGCCA -0.09066988820074325 0.0010163056763249066 0.0010822278535591655
TGCCC 0.013017705235176551 0.0006174895148128679 0.0006119428541720623
TGCCG 0.288770853174438 0.000618490308191819 0.0005062956661758723
TGCCT -0.03546422455334092 0.0009842802881984694 0.0010087756325595572
TGCGA 0.4186812444110197 0.0005256667222940986 0.0003932555598323191
TGCGC 0.5038467120155962 0.0005126564083677335 0.0003615375553097609
TGCGG 0.7130939196825923 0.0005469335815968108 0.0003336352505793902
TGCGT 0.5555090086518459 0.0006522670847314209 0.0004438135820788028
TGCTA -0.0601262231288083 0.0012992800042233481 0.0013545734262265447
TGCTC 0.27894975222920826 0.0012037042365335118 0.000992081945968737
TGCTG 0.17929321295673809 0.00152896208469264 0.001350280763960334
TGCTT 0.20908586686649405 0.0020441204765077516 0.0017683383724418713
TGGAA -0.018748180530997343 0.001277762946575898 0.0012944761544995925
TGGAC -0.183834146577567 0.0006577714483156522 0.0007471617155577051
TGGAG 0.10432257953893619 0.0011961982861913782 0.0011127534518966652
TGGAT 0.17268204094695147 0.0015687436215059487 0.0013917764992003724
TGGCA -0.06834068006247926 0.0009755233461326467 0.0010228460255432483
TGGCC 0.22724163070221698 0.0007716116951713471 0.000659162139100382
TGGCG 0.7787518970501702 0.0008043876783319977 0.00046885411196503294
TGGCT 0.15043431380575897 0.0010921157747804573 0.0009839735839103387
TGGGA 0.14695403264621848 0.000982278701440567 0.0008871502016835821
TGGGC 0.19780975434491047 0.0008419174300426664 0.0007340452475220607
TGGGG 0.5383521391711995 0.0009264844705640397 0.0006379373090063393
TGGGT 0.3635270174987734 0.0011076280721542002 0.0008609172656122934
TGGTA -0.1243934491426546 0.00095475688351941 0.001040732118319127
TGGTC -0.025318921807868915 0.0008018856948846198 0.0008160827930540909
TGGTG 0.19488117924266474 0.0014934339197398738 0.0013047308476910962
TGGTT 0.16569864938597023 0.0019527980806784578 0.0017409130301855242
TGTAA -0.3402908682852111 0.0011891927325387202 0.0015055320492549608
TGTAC -0.12032459329233458 0.001026563808459156 0.0011158537079778174
TGTAG -0.21526067378886193 0.0010090499243275107 0.0011714198362015472
TGTAT -0.17023208682489205 0.0014774212256766551 0.0016624527032086697
TGTCA -0.21019746657894636 0.0011006225185015422 0.0012732513244055497
TGTCC -0.046923387366657715 0.0007343321418054162 0.0007586088149342674
TGTCG 0.3260523120801108 0.0005829621432390528 0.00046503841217284547
TGTCT -0.09733122429466058 0.001181936980541324 0.0012644275186361163
TGTGA -0.045312173312400415 0.0013478184831024794 0.0013908225742523255
TGTGC -0.021246437191130067 0.0011601697245491364 0.00117738186712684
TGTGG 0.22851230952890159 0.001385598433157886 0.0011826284543410978
TGTGT 0.07615830968497202 0.0019230244776546608 0.0018241429819026128
TGTTA -0.1749281490400048 0.0014506500027897115 0.0016376506545594512
TGTTC 0.2683903180448272 0.0017441326611671402 0.0014480580711351374
TGTTG 0.1253547761069329 0.002070891699394695 0.0018985491278502682
TGTTT 0.009125201077899582 0.003260084431933415 0.003239529123567145
TTAAA -0.41764445592895705 0.0017859157847383512 0.0023855278138281916
TTAAC -0.18642997492408334 0.0009770245362010735 0.0011117995269486183
TTAAG -0.2590797061841193 0.0009645146189641838 0.0011542491871367037
TTAAT -0.2184832672851639 0.0023185880606851083 0.0026976997530765274
TTACA -0.17062217869292118 0.00116767567489127 0.0013142700971715648
TTACC -0.07994231289904478 0.0006938000099578942 0.0007333298038110256
TTACG 0.08940127680578243 0.00037779950055406424 0.0003550985619104446
TTACT 0.0028220657147335995 0.0013976079537052998 0.0013948767552815248
TTAGA -0.24766963306940734 0.0011286447331121747 0.00134002607076883
TTAGC -0.16318233241805313 0.0009262342722193019 0.0010371548997639513
TTAGG -0.08743654947034024 0.0009184781235324303 0.0009758652218519404
TTAGT -0.14981676709594394 0.0014666626968529303 0.0016271574801309358
TTATA -0.4438170093136896 0.0016440533232720239 0.0022362385594588575
TTATC -0.1463095545757668 0.0012159639554256637 0.0013457496204571113
TTATG -0.1598201029773254 0.0014834259859503622 0.0016572061159944118
TTATT -0.24066102608424148 0.002702642519857617 0.003193263763586872
TTCAA -0.15156918207433492 0.001617532298729818 0.0017967176396462656
TTCAC -0.04993637973059815 0.001069597923754056 0.0011072683834453957
TTCAG 0.023580889848204365 0.0011994508646729694 0.001180005160733969
TTCAT -0.014842121672667317 0.0021231831534448934 0.002145138726920382
TTCCA -0.150784414249092 0.0011984500712940184 0.0013304868212883614
TTCCC 0.1885446293879842 0.0010115519077748885 0.0008876271641576056
TTCCG 0.13633907738125095 0.0006052297959207162 0.0005506531762600514
TTCCT -0.03512474332556489 0.0016315434060351344 0.0016717534714521265
TTCGA 0.42680287067868394 0.0008296577111505146 0.00061718944138632
TTCGC 0.6138350869255953 0.0006620248201761946 0.00043260496393925216
TTCGG 0.5929696199951657 0.0007478428524212569 0.0004958024917473567
TTCGT 0.5488598810289839 0.0010375725356276187 0.0007092431988728423
TTCTA -0.1959311965397034 0.0014646611100950278 0.0016777155023774194
TTCTC 0.23267861654440095 0.0017398792893065977 0.0014807300006057424
TTCTG 0.1689900673677078 0.0016995973558038135 0.0015117325614172653
TTCTT 0.2637644406121234 0.003381180430786506 0.00281622492787135
TTGAA -0.22052648078127318 0.0016683225627115896 0.001943860562882494
TTGAC -0.15501018130663707 0.0009657656106878728 0.0010753118976858259
TTGAG -0.06894912751287564 0.0011751816252334039 0.0012327095141135582
TTGAT 0.17069831403629512 0.0024932265053120863 0.0022150137293648147
TTGCA -0.004350480934615888 0.0017508880164750606 0.0017561758293542739
TTGCC 0.032058521248605594 0.00101705627135912 0.000994705239575866
TTGCG 0.5082394434650744 0.0006570208532814389 0.0004619381560916932
TTGCT 0.20013315362519216 0.002177225995908256 0.001895210390532104
TTGGA -0.006318592961602288 0.0015364680350347737 0.0015432120847028118
TTGGC 0.22167251186153614 0.0011026241052594444 0.0009455781047514525
TTGGG 0.3669963051699116 0.0013870996232263127 0.0010755503789228375
TTGGT 0.07582419603267661 0.0018559713212649327 0.0017609454540945082
TTGTA -0.23923577122769824 0.0016122781334903245 0.0019030802713534908
TTGTC -0.10899780879396613 0.0012332276412125713 0.001330009858814338
TTGTG 0.09222408876013523 0.001975065733360121 0.0018527607303440187
TTGTT 0.07985264376449515 0.003297864381988822 0.003120288505061287
TTTAA -0.3439033873681846 0.002097162525592163 0.0026616890862877583
TTTAC -0.11218317932403699 0.0013670837556472894 0.00147762974452459
TTTAG -0.23888133749073104 0.0015607372744743395 0.0018417905934414798
TTTAT -0.2793791913395063 0.0026868800241391364 0.0032609924348981994
TTTCA -0.11757571077008314 0.0021016660957974436 0.002280119107069013
TTTCC -0.1034634879881102 0.0015822543321217894 0.001699894257419509
TTTCG 0.4049054260415181 0.0009737719577194821 0.0007354761349441311
TTTCT 0.049075498667715184 0.003260084431933415 0.0031510525846357986
TTTGA -0.05845708772431216 0.0022798073172507504 0.002374080714451629
TTTGC 0.13887096387349088 0.0019688107747416763 0.0017881323151138439
TTTGG 0.09159979003367488 0.002224513483063699 0.002087664748800559
TTTGT -0.05543422085559861 0.003075187855172188 0.0031956485759569893
TTTTA -0.30747457830635305 0.00298886942623765 0.0036988439860517093
TTTTC -0.07373220042035 0.003024647789535154 0.00318324755163238
TTTTG 0.008659260275743777 0.0034329714881472287 0.003412428020400639
TTTTT 0.06167295559740013 0.007225728196027401 0.006923348791687116
